FECHA (YYMMDD);HORA (HHMM);Registros validados;Registros preliminares;Registros no validados;
000101;0000;24,2917;;;
000102;0000;16,7917;;;
000103;0000;23,75;;;
000104;0000;23,6667;;;
000105;0000;20,8333;;;
000106;0000;21,5833;;;
000107;0000;;;;
000108;0000;21,375;;;
000109;0000;20,4167;;;
000110;0000;24,2917;;;
000111;0000;26,9167;;;
000112;0000;22,875;;;
000113;0000;17,9167;;;
000114;0000;16,0909;;;
000115;0000;15,2083;;;
000116;0000;14,375;;;
000117;0000;18,5833;;;
000118;0000;30,2083;;;
000119;0000;31;;;
000120;0000;31,5833;;;
000121;0000;31,4167;;;
000122;0000;29,125;;;
000123;0000;28,375;;;
000124;0000;27,4583;;;
000125;0000;31,7083;;;
000126;0000;33;;;
000127;0000;29,875;;;
000128;0000;24,9583;;;
000129;0000;17,7917;;;
000130;0000;16,0417;;;
000131;0000;18,75;;;
000201;0000;16,0435;;;
000202;0000;14,9583;;;
000203;0000;23,25;;;
000204;0000;19,1667;;;
000205;0000;19,5417;;;
000206;0000;20,75;;;
000207;0000;23,5833;;;
000208;0000;27,9583;;;
000209;0000;18,375;;;
000210;0000;17,4167;;;
000211;0000;19,8333;;;
000212;0000;12,4167;;;
000213;0000;18,4167;;;
000214;0000;35,5;;;
000215;0000;24,875;;;
000216;0000;25,75;;;
000217;0000;25,125;;;
000218;0000;28;;;
000219;0000;27,9167;;;
000220;0000;24,1667;;;
000221;0000;27,6667;;;
000222;0000;30,25;;;
000223;0000;32,5833;;;
000224;0000;31,8636;;;
000225;0000;25,75;;;
000226;0000;12,75;;;
000227;0000;11,5;;;
000228;0000;25,75;;;
000229;0000;23,4583;;;
000301;0000;23,0417;;;
000302;0000;26,0417;;;
000303;0000;37,7083;;;
000304;0000;35,9583;;;
000305;0000;35,9583;;;
000306;0000;35,3333;;;
000307;0000;44,2083;;;
000308;0000;43,3478;;;
000309;0000;36,7083;;;
000310;0000;33,625;;;
000311;0000;30,4583;;;
000312;0000;21,9583;;;
000313;0000;18,125;;;
000314;0000;29,3333;;;
000315;0000;25,4583;;;
000316;0000;21,6667;;;
000317;0000;29,125;;;
000318;0000;27,6667;;;
000319;0000;27,7083;;;
000320;0000;23,2917;;;
000321;0000;36,2916;;;
000322;0000;35,7826;;;
000323;0000;28,5417;;;
000324;0000;32,75;;;
000325;0000;42,6666;;;
000326;0000;30,4583;;;
000327;0000;30,1667;;;
000328;0000;42,5;;;
000329;0000;43,8333;;;
000330;0000;51,5833;;;
000331;0000;51,625;;;
000401;0000;48,5416;;;
000402;0000;33,2083;;;
000403;0000;30,0454;;;
000404;0000;36,4166;;;
000405;0000;39,2916;;;
000406;0000;38,6666;;;
000407;0000;50,4583;;;
000408;0000;38,875;;;
000409;0000;40,1666;;;
000410;0000;43,875;;;
000411;0000;49,1666;;;
000412;0000;46,5909;;;
000413;0000;45,7083;;;
000414;0000;27,4583;;;
000415;0000;33,25;;;
000416;0000;40,0833;;;
000417;0000;43,75;;;
000418;0000;59,7916;;;
000419;0000;68,9583;;;
000420;0000;92,3478;;;
000421;0000;78,5833;;;
000422;0000;57,75;;;
000423;0000;42,4583;;;
000424;0000;47,5;;;
000425;0000;88,7916;;;
000426;0000;79,2173;;;
000427;0000;59,9583;;;
000428;0000;67,875;;;
000429;0000;60,2083;;;
000430;0000;42,625;;;
000501;0000;15,625;;;
000502;0000;21,9583;;;
000503;0000;14,9167;;;
000504;0000;29,913;;;
000505;0000;44,7083;;;
000506;0000;52,2916;;;
000507;0000;44,7083;;;
000508;0000;57,3333;;;
000509;0000;53,9166;;;
000510;0000;52,0833;;;
000511;0000;78,9545;;;
000512;0000;76,125;;;
000513;0000;48,0833;;;
000514;0000;45,7916;;;
000515;0000;13,7083;;;
000516;0000;41,2916;;;
000517;0000;34,875;;;
000518;0000;55,75;;;
000519;0000;78,7083;;;
000520;0000;99,625;;;
000521;0000;105,958;;;
000522;0000;55,375;;;
000523;0000;57,5;;;
000524;0000;33,125;;;
000525;0000;28,4167;;;
000526;0000;45,0833;;;
000527;0000;60,125;;;
000528;0000;48,125;;;
000529;0000;40,4583;;;
000530;0000;62,9166;;;
000531;0000;62,3043;;;
000601;0000;69,9166;;;
000602;0000;58,8333;;;
000603;0000;51,0416;;;
000604;0000;28,6667;;;
000605;0000;33,9166;;;
000606;0000;49,0833;;;
000607;0000;54,5217;;;
000608;0000;75,625;;;
000609;0000;95,7916;;;
000610;0000;52,2083;;;
000611;0000;68,875;;;
000612;0000;16,0833;;;
000613;0000;3,875;;;
000614;0000;7,58333;;;
000615;0000;11,4583;;;
000616;0000;34,2916;;;
000617;0000;42,375;;;
000618;0000;51,375;;;
000619;0000;48,25;;;
000620;0000;76;;;
000621;0000;29;;;
000622;0000;22,2917;;;
000623;0000;29,0417;;;
000624;0000;13,5417;;;
000625;0000;32,4583;;;
000626;0000;55,875;;;
000627;0000;13,1818;;;
000628;0000;18,6667;;;
000629;0000;17,9583;;;
000630;0000;25,3333;;;
000701;0000;11,7083;;;
000702;0000;35,1666;;;
000703;0000;44,125;;;
000704;0000;50,5;;;
000705;0000;59,0833;;;
000706;0000;66,5;;;
000707;0000;32,1739;;;
000708;0000;22;;;
000709;0000;25,25;;;
000710;0000;24,5833;;;
000711;0000;36,5;;;
000712;0000;50,3333;;;
000713;0000;64,9583;;;
000714;0000;50,0416;;;
000715;0000;78,7916;;;
000716;0000;52;;;
000717;0000;42,5833;;;
000718;0000;57,875;;;
000719;0000;63,1304;;;
000720;0000;54,6666;;;
000721;0000;25;;;
000722;0000;42,6666;;;
000723;0000;53,4166;;;
000724;0000;74,5;;;
000725;0000;60,4583;;;
000726;0000;43,2916;;;
000727;0000;60,4583;;;
000728;0000;80,25;;;
000729;0000;76;;;
000730;0000;79,125;;;
000731;0000;47,5;;;
000801;0000;56,5833;;;
000802;0000;66,875;;;
000803;0000;40,25;;;
000804;0000;55;;;
000805;0000;67,1666;;;
000806;0000;53,4166;;;
000807;0000;47,8333;;;
000808;0000;46,5416;;;
000809;0000;46,5;;;
000810;0000;45,5416;;;
000811;0000;23,375;;;
000812;0000;28,625;;;
000813;0000;25,7083;;;
000814;0000;16,625;;;
000815;0000;43,0416;;;
000816;0000;63,5833;;;
000817;0000;43,4583;;;
000818;0000;37,5833;;;
000819;0000;52,9583;;;
000820;0000;56,375;;;
000821;0000;78,6666;;;
000822;0000;55,875;;;
000823;0000;27,9167;;;
000824;0000;20,2917;;;
000825;0000;23,9545;;;
000826;0000;28,875;;;
000827;0000;34,7083;;;
000828;0000;54,1666;;;
000829;0000;68,0416;;;
000830;0000;36,875;;;
000831;0000;45,9583;;;
000901;0000;46,1666;;;
000902;0000;67,25;;;
000903;0000;42,625;;;
000904;0000;48,0833;;;
000905;0000;56,9166;;;
000906;0000;48,9166;;;
000907;0000;43,1666;;;
000908;0000;47,5;;;
000909;0000;20,8333;;;
000910;0000;5,16666;;;
000911;0000;24,3333;;;
000912;0000;26,9;;;
000913;0000;15,4583;;;
000914;0000;14,6667;;;
000915;0000;30,0417;;;
000916;0000;36,4583;;;
000917;0000;18,375;;;
000918;0000;23,5;;;
000919;0000;17,5;;;
000920;0000;12,4167;;;
000921;0000;28,6667;;;
000922;0000;37,3333;;;
000923;0000;25,9583;;;
000924;0000;28,25;;;
000925;0000;31,9167;;;
000926;0000;37,5416;;;
000927;0000;38,5833;;;
000928;0000;24,7083;;;
000929;0000;42,5909;;;
000930;0000;44,7083;;;
001001;0000;28,6667;;;
001002;0000;7,45833;;;
001003;0000;15,9583;;;
001004;0000;24,75;;;
001005;0000;29,1667;;;
001006;0000;29,8333;;;
001007;0000;30,2083;;;
001008;0000;16,1667;;;
001009;0000;17,2083;;;
001010;0000;26,9583;;;
001011;0000;26,5417;;;
001012;0000;22,9167;;;
001013;0000;27,1667;;;
001014;0000;21,3333;;;
001015;0000;16,125;;;
001016;0000;26,3333;;;
001017;0000;36,375;;;
001018;0000;37,6818;;;
001019;0000;43,875;;;
001020;0000;35,5833;;;
001021;0000;31,0833;;;
001022;0000;22,875;;;
001023;0000;17,5417;;;
001024;0000;12,2917;;;
001025;0000;22,6667;;;
001026;0000;37,0416;;;
001027;0000;39,9166;;;
001028;0000;39,25;;;
001029;0000;40,0833;;;
001030;0000;28,7917;;;
001031;0000;29;;;
001101;0000;20,4167;;;
001102;0000;21,7083;;;
001103;0000;14,1667;;;
001104;0000;21,0417;;;
001105;0000;14,875;;;
001106;0000;16,7917;;;
001107;0000;19,2917;;;
001108;0000;18,3333;;;
001109;0000;14,7917;;;
001110;0000;;;;
001111;0000;;;;
001112;0000;;;;
001113;0000;14,125;;;
001114;0000;25,2917;;;
001115;0000;23,875;;;
001116;0000;31,875;;;
001117;0000;35,3333;;;
001118;0000;29,75;;;
001119;0000;18,7083;;;
001120;0000;23,4583;;;
001121;0000;28,1667;;;
001122;0000;30,125;;;
001123;0000;24,875;;;
001124;0000;26,6364;;;
001125;0000;35,75;;;
001126;0000;27,375;;;
001127;0000;19,0833;;;
001128;0000;22,9583;;;
001129;0000;29,9167;;;
001130;0000;29,1667;;;
001201;0000;28,3333;;;
001202;0000;26,4167;;;
001203;0000;23,875;;;
001204;0000;24,1667;;;
001205;0000;30,7917;;;
001206;0000;26,0417;;;
001207;0000;28,0833;;;
001208;0000;33,625;;;
001209;0000;29,625;;;
001210;0000;29,125;;;
001211;0000;23,2174;;;
001212;0000;24,9167;;;
001213;0000;20,9583;;;
001214;0000;13,3333;;;
001215;0000;21,125;;;
001216;0000;33,0416;;;
001217;0000;24,2083;;;
001218;0000;26,2083;;;
001219;0000;26,6667;;;
001220;0000;26,5;;;
001221;0000;24,0417;;;
001222;0000;24,5417;;;
001223;0000;22,375;;;
001224;0000;21,5833;;;
001225;0000;15,9583;;;
001226;0000;11,5417;;;
001227;0000;18,4167;;;
001228;0000;23,8333;;;
001229;0000;27,6667;;;
001230;0000;28,1667;;;
001231;0000;45,3478;;;
010101;0000;27,4583;;;
010102;0000;24,7391;;;
010103;0000;25;;;
010104;0000;27,125;;;
010105;0000;22,25;;;
010106;0000;15,0417;;;
010107;0000;10,2917;;;
010108;0000;11,4583;;;
010109;0000;16,9167;;;
010110;0000;26,0417;;;
010111;0000;28,4167;;;
010112;0000;28,0417;;;
010113;0000;27,4167;;;
010114;0000;23,4583;;;
010115;0000;26,2917;;;
010116;0000;30,375;;;
010117;0000;23,25;;;
010118;0000;24,25;;;
010119;0000;26;;;
010120;0000;23,25;;;
010121;0000;20,1667;;;
010122;0000;22,9583;;;
010123;0000;24,4583;;;
010124;0000;34,2083;;;
010125;0000;34,0833;;;
010126;0000;24,6667;;;
010127;0000;19,4583;;;
010128;0000;16,6667;;;
010129;0000;18,9565;;;
010130;0000;20,375;;;
010131;0000;19,125;;;
010201;0000;23,25;;;
010202;0000;26,9583;;;
010203;0000;25,0833;;;
010204;0000;29,0417;;;
010205;0000;31,0417;;;
010206;0000;25,5;;;
010207;0000;26,7083;;;
010208;0000;25,625;;;
010209;0000;23,9167;;;
010210;0000;23,5417;;;
010211;0000;24,875;;;
010212;0000;26,9583;;;
010213;0000;33,25;;;
010214;0000;33,6667;;;
010215;0000;33,4583;;;
010216;0000;36,0833;;;
010217;0000;34;;;
010218;0000;31,0833;;;
010219;0000;29,9583;;;
010220;0000;30,375;;;
010221;0000;24,5;;;
010222;0000;26,375;;;
010223;0000;28,2083;;;
010224;0000;24,8333;;;
010225;0000;23,5833;;;
010226;0000;23,9583;;;
010227;0000;22,9167;;;
010228;0000;23,1304;;;
010301;0000;26,2083;;;
010302;0000;33,0417;;;
010303;0000;35,9167;;;
010304;0000;30;;;
010305;0000;23,9167;;;
010306;0000;30,625;;;
010307;0000;32,3333;;;
010308;0000;33,5417;;;
010309;0000;25,0417;;;
010310;0000;19,75;;;
010311;0000;22,875;;;
010312;0000;23,125;;;
010313;0000;30;;;
010314;0000;33,8333;;;
010315;0000;38;;;
010316;0000;40,875;;;
010317;0000;45,6667;;;
010318;0000;40,9583;;;
010319;0000;27,5833;;;
010320;0000;33,2917;;;
010321;0000;27,4167;;;
010322;0000;;;;
010323;0000;36,9583;;;
010324;0000;30,75;;;
010325;0000;31,7083;;;
010326;0000;37,25;;;
010327;0000;39,6667;;;
010328;0000;38,6667;;;
010329;0000;38,9583;;;
010330;0000;39,2083;;;
010331;0000;28,2083;;;
010401;0000;30,6667;;;
010402;0000;29,4167;;;
010403;0000;32,0833;;;
010404;0000;15,5417;;;
010405;0000;32,2083;;;
010406;0000;38,5;;;
010407;0000;43,25;;;
010408;0000;42,7917;;;
010409;0000;34,8333;;;
010410;0000;41;;;
010411;0000;45,4783;;;
010412;0000;44,6667;;;
010413;0000;23,375;;;
010414;0000;25,7917;;;
010415;0000;48;;;
010416;0000;37,9583;;;
010417;0000;34,5833;;;
010418;0000;45;;;
010419;0000;48,9167;;;
010420;0000;45,9583;;;
010421;0000;41,75;;;
010422;0000;36,125;;;
010423;0000;19,375;;;
010424;0000;38;;;
010425;0000;41,75;;;
010426;0000;45,3333;;;
010427;0000;33,5833;;;
010428;0000;19,2917;;;
010429;0000;26,625;;;
010430;0000;26,875;;;
010501;0000;41,5;;;
010502;0000;51,5;;;
010503;0000;58,2105;;;
010504;0000;53,5833;;;
010505;0000;79,875;;;
010506;0000;48,75;;;
010507;0000;30,1667;;;
010508;0000;41,7083;;;
010509;0000;71,375;;;
010510;0000;56,9167;;;
010511;0000;59,4167;;;
010512;0000;76,875;;;
010513;0000;70,625;;;
010514;0000;43,7917;;;
010515;0000;23,375;;;
010516;0000;46,5833;;;
010517;0000;79,4583;;;
010518;0000;25,9583;;;
010519;0000;43,2083;;;
010520;0000;37,5417;;;
010521;0000;55,9583;;;
010522;0000;45,2917;;;
010523;0000;55,5833;;;
010524;0000;44,8182;;;
010525;0000;63,2083;;;
010526;0000;71,75;;;
010527;0000;22,9167;;;
010528;0000;25,375;;;
010529;0000;19,7917;;;
010530;0000;25,9167;;;
010531;0000;26,7083;;;
010601;0000;58,5833;;;
010602;0000;48,9167;;;
010603;0000;74,0833;;;
010604;0000;74,5455;;;
010605;0000;56;;;
010606;0000;60,0833;;;
010607;0000;60,875;;;
010608;0000;64,75;;;
010609;0000;69,3333;;;
010610;0000;39,3333;;;
010611;0000;37,0417;;;
010612;0000;63,3333;;;
010613;0000;99,4167;;;
010614;0000;32,35;;;
010615;0000;27,5833;;;
010616;0000;42,625;;;
010617;0000;43,4167;;;
010618;0000;43,75;;;
010619;0000;51,5;;;
010620;0000;51,4583;;;
010621;0000;53,0417;;;
010622;0000;63,6667;;;
010623;0000;48,5833;;;
010624;0000;40,5;;;
010625;0000;49,4167;;;
010626;0000;57,2917;;;
010627;0000;46,3333;;;
010628;0000;91,625;;;
010629;0000;67,3636;;;
010630;0000;77,625;;;
010701;0000;48,1667;;;
010702;0000;44,7917;;;
010703;0000;69,5;;;
010704;0000;54,1667;;;
010705;0000;50,5833;;;
010706;0000;55,25;;;
010707;0000;110,167;;;
010708;0000;32,2083;;;
010709;0000;24;;;
010710;0000;37,5;;;
010711;0000;78,7917;;;
010712;0000;26,875;;;
010713;0000;20,6667;;;
010714;0000;44,375;;;
010715;0000;24,25;;;
010716;0000;27,3636;;;
010717;0000;24,4167;;;
010718;0000;27,0417;;;
010719;0000;7,75;;;
010720;0000;22,9583;;;
010721;0000;37,4583;;;
010722;0000;50,625;;;
010723;0000;44,125;;;
010724;0000;32,6667;;;
010725;0000;43,4583;;;
010726;0000;57,4167;;;
010727;0000;39,9167;;;
010728;0000;37,25;;;
010729;0000;17,4583;;;
010730;0000;11,25;;;
010731;0000;49,0833;;;
010801;0000;29,625;;;
010802;0000;44,2083;;;
010803;0000;55,375;;;
010804;0000;28;;;
010805;0000;13,25;;;
010806;0000;27,75;;;
010807;0000;38,2083;;;
010808;0000;50,875;;;
010809;0000;55,2083;;;
010810;0000;39,2917;;;
010811;0000;43,75;;;
010812;0000;42,625;;;
010813;0000;26,7619;;;
010814;0000;28,2083;;;
010815;0000;37,6667;;;
010816;0000;55,4167;;;
010817;0000;38,4583;;;
010818;0000;41,375;;;
010819;0000;43,6667;;;
010820;0000;49,5417;;;
010821;0000;43,7917;;;
010822;0000;50,4167;;;
010823;0000;53,125;;;
010824;0000;33,0833;;;
010825;0000;20,5833;;;
010826;0000;6,625;;;
010827;0000;33;;;
010828;0000;51,4167;;;
010829;0000;23;;;
010830;0000;18,2083;;;
010831;0000;20,25;;;
010901;0000;25,1667;;;
010902;0000;35,625;;;
010903;0000;23,3333;;;
010904;0000;38,5833;;;
010905;0000;27,9048;;;
010906;0000;26,7083;;;
010907;0000;41,375;;;
010908;0000;53,0833;;;
010909;0000;45,75;;;
010910;0000;39,25;;;
010911;0000;30,619;;;
010912;0000;18,1111;;;
010913;0000;28,0417;;;
010914;0000;40,5417;;;
010915;0000;46,625;;;
010916;0000;34,25;;;
010917;0000;24,7917;;;
010918;0000;48,7083;;;
010919;0000;32;;;
010920;0000;23,625;;;
010921;0000;25,375;;;
010922;0000;22,9167;;;
010923;0000;19,4167;;;
010924;0000;26,875;;;
010925;0000;22,2381;;;
010926;0000;16,25;;;
010927;0000;19,5417;;;
010928;0000;22,2083;;;
010929;0000;12,375;;;
010930;0000;16,2083;;;
011001;0000;32,7083;;;
011002;0000;35,1667;;;
011003;0000;28,0417;;;
011004;0000;30,5417;;;
011005;0000;25,2917;;;
011006;0000;15,75;;;
011007;0000;10,25;;;
011008;0000;24,9167;;;
011009;0000;29,7917;;;
011010;0000;29,4167;;;
011011;0000;31,2917;;;
011012;0000;41,0417;;;
011013;0000;33,5417;;;
011014;0000;31,5833;;;
011015;0000;27;;;
011016;0000;33,1667;;;
011017;0000;33,2917;;;
011018;0000;27,0833;;;
011019;0000;23,1667;;;
011020;0000;27,5833;;;
011021;0000;28,0833;;;
011022;0000;26,2083;;;
011023;0000;27,7143;;;
011024;0000;28,0417;;;
011025;0000;24,4583;;;
011026;0000;33,5;;;
011027;0000;22,4583;;;
011028;0000;21,4583;;;
011029;0000;24,875;;;
011030;0000;28,5833;;;
011031;0000;29,25;;;
011101;0000;29;;;
011102;0000;28;;;
011103;0000;39,4583;;;
011104;0000;17,5833;;;
011105;0000;15,6667;;;
011106;0000;18;;;
011107;0000;22,125;;;
011108;0000;30,25;;;
011109;0000;22,6667;;;
011110;0000;22,5833;;;
011111;0000;26,4583;;;
011112;0000;20,2083;;;
011113;0000;18,1667;;;
011114;0000;18,5;;;
011115;0000;27,8333;;;
011116;0000;36,4583;;;
011117;0000;36,6667;;;
011118;0000;33,5417;;;
011119;0000;26,4091;;;
011120;0000;22,9167;;;
011121;0000;28,0833;;;
011122;0000;22,125;;;
011123;0000;18,5;;;
011124;0000;36,2083;;;
011125;0000;34;;;
011126;0000;30,625;;;
011127;0000;33,7083;;;
011128;0000;34,375;;;
011129;0000;44,0417;;;
011130;0000;37,4167;;;
011201;0000;34,5417;;;
011202;0000;28,7917;;;
011203;0000;33,5417;;;
011204;0000;38,1667;;;
011205;0000;32,9583;;;
011206;0000;29,7917;;;
011207;0000;33,5833;;;
011208;0000;36,2917;;;
011209;0000;30,5833;;;
011210;0000;29,75;;;
011211;0000;33,4167;;;
011212;0000;31,375;;;
011213;0000;27,9167;;;
011214;0000;30,5417;;;
011215;0000;43,9583;;;
011216;0000;34,9167;;;
011217;0000;34;;;
011218;0000;20,4167;;;
011219;0000;20,125;;;
011220;0000;23,25;;;
011221;0000;20,9583;;;
011222;0000;27,6667;;;
011223;0000;29,875;;;
011224;0000;36,7917;;;
011225;0000;31,5417;;;
011226;0000;25,25;;;
011227;0000;26,5;;;
011228;0000;32,1667;;;
011229;0000;34,0417;;;
011230;0000;29,125;;;
011231;0000;30,5455;;;
020101;0000;19,1667;;;
020102;0000;14,0833;;;
020103;0000;15,0833;;;
020104;0000;18,8333;;;
020105;0000;22,4583;;;
020106;0000;22;;;
020107;0000;19,3333;;;
020108;0000;16,9583;;;
020109;0000;25,0417;;;
020110;0000;22,1667;;;
020111;0000;23,0417;;;
020112;0000;19,3333;;;
020113;0000;17,7917;;;
020114;0000;23,1667;;;
020115;0000;28,2083;;;
020116;0000;29,5833;;;
020117;0000;30,4167;;;
020118;0000;29,9583;;;
020119;0000;27,9167;;;
020120;0000;25;;;
020121;0000;27,0833;;;
020122;0000;25,25;;;
020123;0000;23,6818;;;
020124;0000;23,125;;;
020125;0000;19,5;;;
020126;0000;14,2083;;;
020127;0000;21;;;
020128;0000;20,1667;;;
020129;0000;21,9583;;;
020130;0000;23,6667;;;
020131;0000;26,4167;;;
020201;0000;40,8333;;;
020202;0000;40,1666;;;
020203;0000;31,4583;;;
020204;0000;25,7083;;;
020205;0000;29,6667;;;
020206;0000;25,0417;;;
020207;0000;27,7083;;;
020208;0000;18,7083;;;
020209;0000;19,5417;;;
020210;0000;16,375;;;
020211;0000;21,125;;;
020212;0000;25;;;
020213;0000;30,5417;;;
020214;0000;28,5833;;;
020215;0000;29,5417;;;
020216;0000;33,2083;;;
020217;0000;25,6667;;;
020218;0000;24,7727;;;
020219;0000;26,875;;;
020220;0000;29,5;;;
020221;0000;29,8333;;;
020222;0000;31,9583;;;
020223;0000;35,3333;;;
020224;0000;26,9167;;;
020225;0000;29,1667;;;
020226;0000;29,25;;;
020227;0000;23,7917;;;
020228;0000;21,5417;;;
020301;0000;25,75;;;
020302;0000;23,625;;;
020303;0000;22,4167;;;
020304;0000;27,2083;;;
020305;0000;32,375;;;
020306;0000;30,125;;;
020307;0000;25,625;;;
020308;0000;30,5714;;;
020309;0000;29,1667;;;
020310;0000;20,1667;;;
020311;0000;24,9583;;;
020312;0000;24,4167;;;
020313;0000;32,8571;;;
020314;0000;41,625;;;
020315;0000;28,375;;;
020316;0000;26,7917;;;
020317;0000;27,6667;;;
020318;0000;23,375;;;
020319;0000;28,0833;;;
020320;0000;31,7083;;;
020321;0000;29,25;;;
020322;0000;32,4166;;;
020323;0000;37,625;;;
020324;0000;29;;;
020325;0000;25;;;
020326;0000;29,3333;;;
020327;0000;29,9583;;;
020328;0000;19;;;
020329;0000;9,16666;;;
020330;0000;24,1667;;;
020331;0000;25,375;;;
020401;0000;29,0833;;;
020402;0000;43,0833;;;
020403;0000;41,4583;;;
020404;0000;41,75;;;
020405;0000;33,9583;;;
020406;0000;20,7083;;;
020407;0000;23,4167;;;
020408;0000;25,3333;;;
020409;0000;31,875;;;
020410;0000;27,7917;;;
020411;0000;29,625;;;
020412;0000;22,0833;;;
020413;0000;41,0416;;;
020414;0000;22,875;;;
020415;0000;45,9091;;;
020416;0000;30,4167;;;
020417;0000;39,5;;;
020418;0000;44,6666;;;
020419;0000;49,6666;;;
020420;0000;48,2916;;;
020421;0000;31,4583;;;
020422;0000;43,7916;;;
020423;0000;55,4166;;;
020424;0000;44,0833;;;
020425;0000;32,0833;;;
020426;0000;43,9523;;;
020427;0000;42,5416;;;
020428;0000;37,6666;;;
020429;0000;40;;;
020430;0000;47,125;;;
020501;0000;46,125;;;
020502;0000;42,75;;;
020503;0000;48,0416;;;
020504;0000;59,9166;;;
020505;0000;52,4583;;;
020506;0000;45,4166;;;
020507;0000;57,7083;;;
020508;0000;60;;;
020509;0000;59,9583;;;
020510;0000;68,3181;;;
020511;0000;62,9166;;;
020512;0000;66,0416;;;
020513;0000;34,4166;;;
020514;0000;14,7083;;;
020515;0000;18,875;;;
020516;0000;21,7083;;;
020517;0000;42,625;;;
020518;0000;14,625;;;
020519;0000;9,83333;;;
020520;0000;35,7916;;;
020521;0000;52,5833;;;
020522;0000;69,8333;;;
020523;0000;47,0833;;;
020524;0000;76,9583;;;
020525;0000;39,3333;;;
020526;0000;7,08333;;;
020527;0000;7,95833;;;
020528;0000;38,3809;;;
020529;0000;47,6666;;;
020530;0000;49,0833;;;
020531;0000;30,4583;;;
020601;0000;20,75;;;
020602;0000;31,0417;;;
020603;0000;5,79166;;;
020604;0000;9,08333;;;
020605;0000;17,2917;;;
020606;0000;42,9166;;;
020607;0000;46;;;
020608;0000;49,4166;;;
020609;0000;57,6666;;;
020610;0000;71,75;;;
020611;0000;96,9583;;;
020612;0000;71,0416;;;
020613;0000;70,125;;;
020614;0000;66,875;;;
020615;0000;73,7083;;;
020616;0000;81,2916;;;
020617;0000;85,25;;;
020618;0000;66,0416;;;
020619;0000;63,3333;;;
020620;0000;49,2083;;;
020621;0000;55;;;
020622;0000;44,875;;;
020623;0000;46,4166;;;
020624;0000;93;;;
020625;0000;59,2916;;;
020626;0000;45,0416;;;
020627;0000;16,5417;;;
020628;0000;12,4167;;;
020629;0000;23,25;;;
020630;0000;52,2083;;;
020701;0000;83,125;;;
020702;0000;67,25;;;
020703;0000;48,5416;;;
020704;0000;48,5416;;;
020705;0000;37;;;
020706;0000;55,75;;;
020707;0000;52,9583;;;
020708;0000;69,3333;;;
020709;0000;58,6666;;;
020710;0000;66,4583;;;
020711;0000;61,4166;;;
020712;0000;57,3333;;;
020713;0000;49,1666;;;
020714;0000;35,5833;;;
020715;0000;44,8333;;;
020716;0000;65,6666;;;
020717;0000;66,75;;;
020718;0000;79,875;;;
020719;0000;69,7999;;;
020720;0000;14,5833;;;
020721;0000;11,6087;;;
020722;0000;13,0833;;;
020723;0000;15,125;;;
020724;0000;28,25;;;
020725;0000;40,3333;;;
020726;0000;42,5833;;;
020727;0000;47,7916;;;
020728;0000;24,7917;;;
020729;0000;35,2916;;;
020730;0000;21,6667;;;
020731;0000;36;;;
020801;0000;44,8333;;;
020802;0000;55,4166;;;
020803;0000;61,1666;;;
020804;0000;58,0416;;;
020805;0000;31,5833;;;
020806;0000;61,5;;;
020807;0000;13,875;;;
020808;0000;24,1667;;;
020809;0000;40,3333;;;
020810;0000;53,5833;;;
020811;0000;39,6666;;;
020812;0000;43,6666;;;
020813;0000;41,125;;;
020814;0000;51,875;;;
020815;0000;59,0833;;;
020816;0000;73,7083;;;
020817;0000;46,3182;;;
020818;0000;4,04166;;;
020819;0000;16,2083;;;
020820;0000;27,375;;;
020821;0000;41,2916;;;
020822;0000;48,4583;;;
020823;0000;33,7916;;;
020824;0000;31,6667;;;
020825;0000;35,625;;;
020826;0000;34,0476;;;
020827;0000;24,4583;;;
020828;0000;13,875;;;
020829;0000;36;;;
020830;0000;47,125;;;
020831;0000;41,125;;;
020901;0000;36,5833;;;
020902;0000;36,1666;;;
020903;0000;28,2917;;;
020904;0000;24,7917;;;
020905;0000;13,7917;;;
020906;0000;28,4167;;;
020907;0000;48,75;;;
020908;0000;66,75;;;
020909;0000;30,0833;;;
020910;0000;7,79166;;;
020911;0000;22,0869;;;
020912;0000;30,7368;;;
020913;0000;22,3333;;;
020914;0000;23,4167;;;
020915;0000;13,2917;;;
020916;0000;9,90909;;;
020917;0000;15,7917;;;
020918;0000;;;;
020919;0000;;;;
020920;0000;26,4091;;;
020921;0000;27,25;;;
020922;0000;21,125;;;
020923;0000;17;;;
020924;0000;18,9583;;;
020925;0000;19,4167;;;
020926;0000;22,9583;;;
020927;0000;25,3333;;;
020928;0000;41,2916;;;
020929;0000;21,9583;;;
020930;0000;18,4583;;;
021001;0000;14,4583;;;
021002;0000;9,29166;;;
021003;0000;11,8333;;;
021004;0000;14,1667;;;
021005;0000;14;;;
021006;0000;6,95833;;;
021007;0000;12,2917;;;
021008;0000;15,7917;;;
021009;0000;16,1667;;;
021010;0000;20,7917;;;
021011;0000;41,1666;;;
021012;0000;29,4583;;;
021013;0000;14,3333;;;
021014;0000;25,1667;;;
021015;0000;23,7917;;;
021016;0000;18,7917;;;
021017;0000;16,3333;;;
021018;0000;21,4737;;;
021019;0000;19,875;;;
021020;0000;5,70833;;;
021021;0000;27,6667;;;
021022;0000;30,3333;;;
021023;0000;25,875;;;
021024;0000;21,8333;;;
021025;0000;20,7083;;;
021026;0000;35,95;;;
021027;0000;;;;
021028;0000;22,5833;;;
021029;0000;28,625;;;
021030;0000;31,7083;;;
021031;0000;31,1667;;;
021101;0000;21,1667;;;
021102;0000;11,2083;;;
021103;0000;17,7083;;;
021104;0000;20,75;;;
021105;0000;24,9167;;;
021106;0000;18,9583;;;
021107;0000;28,875;;;
021108;0000;10,125;;;
021109;0000;16,1667;;;
021110;0000;18,2083;;;
021111;0000;22,1667;;;
021112;0000;23,4167;;;
021113;0000;20,125;;;
021114;0000;26,0417;;;
021115;0000;27,4167;;;
021116;0000;21,5;;;
021117;0000;14,4167;;;
021118;0000;15,5454;;;
021119;0000;14,375;;;
021120;0000;17,6667;;;
021121;0000;25,0833;;;
021122;0000;33,875;;;
021123;0000;29,25;;;
021124;0000;22,75;;;
021125;0000;24,0417;;;
021126;0000;18;;;
021127;0000;22,25;;;
021128;0000;22,9167;;;
021129;0000;24,5;;;
021130;0000;26;;;
021201;0000;24,2917;;;
021202;0000;26,2083;;;
021203;0000;26,0833;;;
021204;0000;18,25;;;
021205;0000;16,8333;;;
021206;0000;23,125;;;
021207;0000;23,75;;;
021208;0000;24,9167;;;
021209;0000;24;;;
021210;0000;28,9167;;;
021211;0000;31,2917;;;
021212;0000;26,875;;;
021213;0000;23,5833;;;
021214;0000;29,6667;;;
021215;0000;21,7083;;;
021216;0000;17,7917;;;
021217;0000;15,7083;;;
021218;0000;18,2917;;;
021219;0000;18,5833;;;
021220;0000;22,9583;;;
021221;0000;21,4583;;;
021222;0000;17,2917;;;
021223;0000;18,619;;;
021224;0000;47,5416;;;
021225;0000;23,5417;;;
021226;0000;18,7917;;;
021227;0000;23;;;
021228;0000;18,2917;;;
021229;0000;22,375;;;
021230;0000;26,6667;;;
021231;0000;35,4166;;;
030101;0000;24,2917;;;
030102;0000;20,3333;;;
030103;0000;23,5833;;;
030104;0000;23,0833;;;
030105;0000;23,9583;;;
030106;0000;25,4583;;;
030107;0000;24,3333;;;
030108;0000;20,5833;;;
030109;0000;24,2917;;;
030110;0000;23,7917;;;
030111;0000;24,75;;;
030112;0000;22,875;;;
030113;0000;26,619;;;
030114;0000;27,6316;;;
030115;0000;22,75;;;
030116;0000;22,75;;;
030117;0000;20,5;;;
030118;0000;22,6667;;;
030119;0000;23,1667;;;
030120;0000;15,9583;;;
030121;0000;13,5833;;;
030122;0000;12,9583;;;
030123;0000;21,5833;;;
030124;0000;27,8333;;;
030125;0000;26,2083;;;
030126;0000;23,3333;;;
030127;0000;17,3333;;;
030128;0000;;;;
030129;0000;22,375;;;
030130;0000;61,7916;;;
030131;0000;51,3333;;;
030201;0000;23,375;;;
030202;0000;21,0417;;;
030203;0000;19,0417;;;
030204;0000;23,5417;;;
030205;0000;23,7083;;;
030206;0000;25,625;;;
030207;0000;26,6667;;;
030208;0000;26,5;;;
030209;0000;22;;;
030210;0000;20,4167;;;
030211;0000;22,6667;;;
030212;0000;25,75;;;
030213;0000;24,8333;;;
030214;0000;25,7917;;;
030215;0000;23,875;;;
030216;0000;21,3333;;;
030217;0000;22,9167;;;
030218;0000;21,4167;;;
030219;0000;23,25;;;
030220;0000;27,0417;;;
030221;0000;26,1667;;;
030222;0000;27,913;;;
030223;0000;23,5217;;;
030224;0000;33,3333;;;
030225;0000;23,625;;;
030226;0000;20,5833;;;
030227;0000;19,2917;;;
030228;0000;23,875;;;
030301;0000;26,7083;;;
030302;0000;26,3333;;;
030303;0000;31,9583;;;
030304;0000;36,6666;;;
030305;0000;31,1667;;;
030306;0000;42,5416;;;
030307;0000;32,1666;;;
030308;0000;31,1667;;;
030309;0000;23,25;;;
030310;0000;25,7917;;;
030311;0000;26,6667;;;
030312;0000;34,6666;;;
030313;0000;26,7083;;;
030314;0000;36,0833;;;
030315;0000;41,5833;;;
030316;0000;40,0416;;;
030317;0000;31,4583;;;
030318;0000;33,0416;;;
030319;0000;32,5833;;;
030320;0000;39,9166;;;
030321;0000;33;;;
030322;0000;36,2916;;;
030323;0000;27,6667;;;
030324;0000;32,75;;;
030325;0000;37,0833;;;
030326;0000;27,5;;;
030327;0000;22,2083;;;
030328;0000;33,4583;;;
030329;0000;30,2917;;;
030330;0000;26,9583;;;
030331;0000;30,75;;;
030401;0000;24,2083;;;
030402;0000;37,7272;;;
030403;0000;38,5;;;
030404;0000;40,8095;;;
030405;0000;45,0416;;;
030406;0000;31,625;;;
030407;0000;36,75;;;
030408;0000;34,625;;;
030409;0000;37,6666;;;
030410;0000;42,75;;;
030411;0000;47,9583;;;
030412;0000;55,9166;;;
030413;0000;47,0416;;;
030414;0000;41;;;
030415;0000;54,3333;;;
030416;0000;44,7083;;;
030417;0000;41,0833;;;
030418;0000;33,9583;;;
030419;0000;31,4583;;;
030420;0000;33,375;;;
030421;0000;33,7083;;;
030422;0000;36,75;;;
030423;0000;44,0833;;;
030424;0000;60,4166;;;
030425;0000;60,625;;;
030426;0000;55,25;;;
030427;0000;62,9583;;;
030428;0000;57,5416;;;
030429;0000;37,125;;;
030430;0000;49,1666;;;
030501;0000;46,2083;;;
030502;0000;53,125;;;
030503;0000;41,375;;;
030504;0000;50,9166;;;
030505;0000;62,5;;;
030506;0000;57,7619;;;
030507;0000;52,125;;;
030508;0000;75,5;;;
030509;0000;112,792;;;
030510;0000;79,8333;;;
030511;0000;61,4166;;;
030512;0000;59,875;;;
030513;0000;51,25;;;
030514;0000;43,7916;;;
030515;0000;54,5833;;;
030516;0000;63,1666;;;
030517;0000;69,3333;;;
030518;0000;99,0833;;;
030519;0000;99,5833;;;
030520;0000;35,3333;;;
030521;0000;6,125;;;
030522;0000;22,9167;;;
030523;0000;44,375;;;
030524;0000;54,1666;;;
030525;0000;50,1666;;;
030526;0000;65,75;;;
030527;0000;73,6666;;;
030528;0000;58,75;;;
030529;0000;74,9166;;;
030530;0000;106,333;;;
030531;0000;118,667;;;
030601;0000;72,2916;;;
030602;0000;41,6666;;;
030603;0000;51,75;;;
030604;0000;62,8333;;;
030605;0000;41,875;;;
030606;0000;53,625;;;
030607;0000;62,0416;;;
030608;0000;29,625;;;
030609;0000;28;;;
030610;0000;15,375;;;
030611;0000;25,2917;;;
030612;0000;33,375;;;
030613;0000;34,4166;;;
030614;0000;19,875;;;
030615;0000;34,7916;;;
030616;0000;41,5;;;
030617;0000;63,8333;;;
030618;0000;59,6666;;;
030619;0000;43,7083;;;
030620;0000;62,7083;;;
030621;0000;37,625;;;
030622;0000;26,5417;;;
030623;0000;32,0416;;;
030624;0000;54,9523;;;
030625;0000;41,4166;;;
030626;0000;53,125;;;
030627;0000;77,0833;;;
030628;0000;78,7916;;;
030629;0000;59,5833;;;
030630;0000;70,9166;;;
030701;0000;69;;;
030702;0000;48,5833;;;
030703;0000;65,7083;;;
030704;0000;40,4166;;;
030705;0000;40,6666;;;
030706;0000;27,875;;;
030707;0000;13,625;;;
030708;0000;15,375;;;
030709;0000;41,25;;;
030710;0000;54,3333;;;
030711;0000;48,0416;;;
030712;0000;56,5416;;;
030713;0000;36,1666;;;
030714;0000;22,6667;;;
030715;0000;40,0833;;;
030716;0000;49,5416;;;
030717;0000;72,625;;;
030718;0000;84,9523;;;
030719;0000;52;;;
030720;0000;25,2083;;;
030721;0000;37,2083;;;
030722;0000;36,4166;;;
030723;0000;38,25;;;
030724;0000;49,9583;;;
030725;0000;51,5;;;
030726;0000;56,625;;;
030727;0000;47,4166;;;
030728;0000;41,375;;;
030729;0000;42;;;
030730;0000;43,1666;;;
030731;0000;40,875;;;
030801;0000;30,625;;;
030802;0000;46,25;;;
030803;0000;31,0417;;;
030804;0000;18,375;;;
030805;0000;30,0833;;;
030806;0000;45,875;;;
030807;0000;57,4166;;;
030808;0000;49,7916;;;
030809;0000;44,2083;;;
030810;0000;48,9583;;;
030811;0000;54,375;;;
030812;0000;59,75;;;
030813;0000;80,625;;;
030814;0000;74,4761;;;
030815;0000;54,5416;;;
030816;0000;49,0416;;;
030817;0000;46,3333;;;
030818;0000;49,125;;;
030819;0000;30,5833;;;
030820;0000;20,6667;;;
030821;0000;25,3333;;;
030822;0000;32,5416;;;
030823;0000;43,7916;;;
030824;0000;38,1666;;;
030825;0000;33,2083;;;
030826;0000;35,75;;;
030827;0000;36,7083;;;
030828;0000;62,0416;;;
030829;0000;58,25;;;
030830;0000;44,7083;;;
030831;0000;37,0416;;;
030901;0000;36,4583;;;
030902;0000;37,7916;;;
030903;0000;32,0416;;;
030904;0000;33,1666;;;
030905;0000;21,7917;;;
030906;0000;23,5417;;;
030907;0000;9,5;;;
030908;0000;19,375;;;
030909;0000;26,2917;;;
030910;0000;31,2083;;;
030911;0000;;;;
030912;0000;39,5;;;
030913;0000;29,0417;;;
030914;0000;23,7083;;;
030915;0000;25,8333;;;
030916;0000;25,1667;;;
030917;0000;22,5714;;;
030918;0000;14;;;
030919;0000;19,8333;;;
030920;0000;32,875;;;
030921;0000;25,5833;;;
030922;0000;15,125;;;
030923;0000;19,0417;;;
030924;0000;21,4583;;;
030925;0000;24,1667;;;
030926;0000;;;;
030927;0000;;;;
030928;0000;28,4583;;;
030929;0000;27,4583;;;
030930;0000;26,5417;;;
031001;0000;30,5;;;
031002;0000;24,9048;;;
031003;0000;30,6667;;;
031004;0000;32,7916;;;
031005;0000;18,8333;;;
031006;0000;21,375;;;
031007;0000;13,2917;;;
031008;0000;13,4167;;;
031009;0000;26,6667;;;
031010;0000;30,375;;;
031011;0000;31,6667;;;
031012;0000;22,5417;;;
031013;0000;29,25;;;
031014;0000;28,7083;;;
031015;0000;22,8333;;;
031016;0000;22,875;;;
031017;0000;16,2917;;;
031018;0000;25,7083;;;
031019;0000;21,7917;;;
031020;0000;20,9167;;;
031021;0000;11,7917;;;
031022;0000;13,2917;;;
031023;0000;13,125;;;
031024;0000;19,0417;;;
031025;0000;13,9583;;;
031026;0000;11,9167;;;
031027;0000;14,7917;;;
031028;0000;19,5833;;;
031029;0000;19,375;;;
031030;0000;14,625;;;
031031;0000;21,625;;;
031101;0000;23;;;
031102;0000;20,375;;;
031103;0000;13,4545;;;
031104;0000;17,875;;;
031105;0000;20,3333;;;
031106;0000;23,9583;;;
031107;0000;14,4737;;;
031108;0000;13,0417;;;
031109;0000;17,125;;;
031110;0000;13,5833;;;
031111;0000;9,625;;;
031112;0000;11,9167;;;
031113;0000;15,4167;;;
031114;0000;12,625;;;
031115;0000;12,5;;;
031116;0000;14,3333;;;
031117;0000;11,1667;;;
031118;0000;15,4167;;;
031119;0000;17,375;;;
031120;0000;16,9167;;;
031121;0000;17,375;;;
031122;0000;15,8182;;;
031123;0000;13,2917;;;
031124;0000;11,2083;;;
031125;0000;13,75;;;
031126;0000;14,3333;;;
031127;0000;18,875;;;
031128;0000;18,5;;;
031129;0000;19,0417;;;
031130;0000;15,6667;;;
031201;0000;12,5833;;;
031202;0000;9,5;;;
031203;0000;17,875;;;
031204;0000;17,875;;;
031205;0000;23;;;
031206;0000;17,75;;;
031207;0000;12,5833;;;
031208;0000;14,5417;;;
031209;0000;15,0417;;;
031210;0000;12,1818;;;
031211;0000;18,125;;;
031212;0000;20,625;;;
031213;0000;16,7083;;;
031214;0000;14,9167;;;
031215;0000;20,0476;;;
031216;0000;;;;
031217;0000;24,2917;;;
031218;0000;37,75;;;
031219;0000;33;;;
031220;0000;38,3333;;;
031221;0000;20,625;;;
031222;0000;27,75;;;
031223;0000;33,4166;;;
031224;0000;34,25;;;
031225;0000;22,9167;;;
031226;0000;15,0417;;;
031227;0000;20,5417;;;
031228;0000;37,2916;;;
031229;0000;46,4166;;;
031230;0000;40,1666;;;
031231;0000;40,4166;;;
040101;0000;29,2083;;;
040102;0000;21,5417;;;
040103;0000;22,0833;;;
040104;0000;19,0417;;;
040105;0000;21,0833;;;
040106;0000;21,5;;;
040107;0000;23,375;;;
040108;0000;25,375;;;
040109;0000;31,2917;;;
040110;0000;28,5833;;;
040111;0000;25,5;;;
040112;0000;31,9167;;;
040113;0000;29,25;;;
040114;0000;30,9167;;;
040115;0000;21;;;
040116;0000;22,8333;;;
040117;0000;26,0417;;;
040118;0000;19,9583;;;
040119;0000;22,9524;;;
040120;0000;23,0833;;;
040121;0000;26,5833;;;
040122;0000;36,4583;;;
040123;0000;35,2916;;;
040124;0000;24,5833;;;
040125;0000;20,4167;;;
040126;0000;18,25;;;
040127;0000;24,5417;;;
040128;0000;26,25;;;
040129;0000;24,9583;;;
040130;0000;23,1667;;;
040131;0000;25,3333;;;
040201;0000;40,4166;;;
040202;0000;53,625;;;
040203;0000;56,7083;;;
040204;0000;48,2083;;;
040205;0000;59,125;;;
040206;0000;48,875;;;
040207;0000;29,3333;;;
040208;0000;21,125;;;
040209;0000;31,7917;;;
040210;0000;35,8182;;;
040211;0000;28,8333;;;
040212;0000;31,1667;;;
040213;0000;33;;;
040214;0000;33,0833;;;
040215;0000;41,4583;;;
040216;0000;44;;;
040217;0000;25;;;
040218;0000;33,0454;;;
040219;0000;33,8333;;;
040220;0000;39,625;;;
040221;0000;31,2083;;;
040222;0000;33,0416;;;
040223;0000;30,375;;;
040224;0000;34,1666;;;
040225;0000;;;;
040226;0000;;;;
040227;0000;17,5833;;;
040228;0000;22,875;;;
040229;0000;20,875;;;
040301;0000;15,0417;;;
040302;0000;26,7083;;;
040303;0000;34,6666;;;
040304;0000;35,2083;;;
040305;0000;37,5;;;
040306;0000;25,2083;;;
040307;0000;27,875;;;
040308;0000;29,125;;;
040309;0000;41,875;;;
040310;0000;43,75;;;
040311;0000;39,6666;;;
040312;0000;27,9167;;;
040313;0000;37,2916;;;
040314;0000;32,125;;;
040315;0000;35,9166;;;
040316;0000;35,0833;;;
040317;0000;35,1666;;;
040318;0000;40,5833;;;
040319;0000;50,2083;;;
040320;0000;53,25;;;
040321;0000;46,9583;;;
040322;0000;49,3636;;;
040323;0000;49,25;;;
040324;0000;47,8333;;;
040325;0000;55,625;;;
040326;0000;54,5416;;;
040327;0000;46,75;;;
040328;0000;25,3333;;;
040329;0000;23,7083;;;
040330;0000;23,375;;;
040331;0000;10,75;;;
040401;0000;42;;;
040402;0000;40,5833;;;
040403;0000;42,5;;;
040404;0000;24,875;;;
040405;0000;24,9167;;;
040406;0000;32,2916;;;
040407;0000;30,9583;;;
040408;0000;42,2916;;;
040409;0000;32,9583;;;
040410;0000;31,6667;;;
040411;0000;21,8333;;;
040412;0000;28,9583;;;
040413;0000;18,5417;;;
040414;0000;25,0417;;;
040415;0000;17,625;;;
040416;0000;42,1428;;;
040417;0000;37,9583;;;
040418;0000;32,125;;;
040419;0000;39,7916;;;
040420;0000;54,0833;;;
040421;0000;24,5833;;;
040422;0000;26,55;;;
040423;0000;29,2917;;;
040424;0000;31,9167;;;
040425;0000;37,375;;;
040426;0000;43,1666;;;
040427;0000;56,125;;;
040428;0000;42,875;;;
040429;0000;59,4166;;;
040430;0000;71,0833;;;
040501;0000;66,2916;;;
040502;0000;43,9565;;;
040503;0000;42,5714;;;
040504;0000;59,2083;;;
040505;0000;53,4583;;;
040506;0000;64,1666;;;
040507;0000;66,75;;;
040508;0000;52,0833;;;
040509;0000;61,1666;;;
040510;0000;76,4166;;;
040511;0000;49,25;;;
040512;0000;59,1666;;;
040513;0000;57,7083;;;
040514;0000;51,375;;;
040515;0000;65,3333;;;
040516;0000;79,6666;;;
040517;0000;101,125;;;
040518;0000;98,8333;;;
040519;0000;110,048;;;
040520;0000;32,9583;;;
040521;0000;15,4583;;;
040522;0000;25,2917;;;
040523;0000;31,125;;;
040524;0000;42,7916;;;
040525;0000;48,625;;;
040526;0000;50,1666;;;
040527;0000;61,9166;;;
040528;0000;58,6666;;;
040529;0000;62,1666;;;
040530;0000;67,4166;;;
040531;0000;83,5416;;;
040601;0000;55,2083;;;
040602;0000;53,5;;;
040603;0000;65,5416;;;
040604;0000;52,9166;;;
040605;0000;45,2916;;;
040606;0000;60,125;;;
040607;0000;44,0833;;;
040608;0000;73,9166;;;
040609;0000;38,5416;;;
040610;0000;35,7083;;;
040611;0000;53,7916;;;
040612;0000;60,2083;;;
040613;0000;43,4166;;;
040614;0000;58,9166;;;
040615;0000;88,75;;;
040616;0000;45,9583;;;
040617;0000;58,3333;;;
040618;0000;61,4285;;;
040619;0000;30,125;;;
040620;0000;23,375;;;
040621;0000;65,7083;;;
040622;0000;48,0416;;;
040623;0000;57,125;;;
040624;0000;93;;;
040625;0000;66,7083;;;
040626;0000;61,7083;;;
040627;0000;67,2916;;;
040628;0000;28,5833;;;
040629;0000;59,0833;;;
040630;0000;64,2083;;;
040701;0000;64,5416;;;
040702;0000;63,75;;;
040703;0000;76,4166;;;
040704;0000;47,6666;;;
040705;0000;55,5833;;;
040706;0000;64,85;;;
040707;0000;52,9166;;;
040708;0000;68,5416;;;
040709;0000;67,7083;;;
040710;0000;60,25;;;
040711;0000;43,9583;;;
040712;0000;78,0416;;;
040713;0000;5,5;;;
040714;0000;24,5417;;;
040715;0000;48,5714;;;
040716;0000;81,2916;;;
040717;0000;62,625;;;
040718;0000;31,5;;;
040719;0000;40,2083;;;
040720;0000;45,25;;;
040721;0000;21,7917;;;
040722;0000;36,9166;;;
040723;0000;27,9167;;;
040724;0000;50,0416;;;
040725;0000;28,4583;;;
040726;0000;35,2916;;;
040727;0000;15,125;;;
040728;0000;28,5;;;
040729;0000;42,375;;;
040730;0000;51,125;;;
040731;0000;46,7916;;;
040801;0000;35,2916;;;
040802;0000;14,25;;;
040803;0000;9,83333;;;
040804;0000;18,9583;;;
040805;0000;35,9583;;;
040806;0000;45,5;;;
040807;0000;51,9166;;;
040808;0000;57,7083;;;
040809;0000;40,125;;;
040810;0000;44,0416;;;
040811;0000;40,0416;;;
040812;0000;48,1666;;;
040813;0000;31,375;;;
040814;0000;25,4583;;;
040815;0000;14,7917;;;
040816;0000;33,9091;;;
040817;0000;24,4583;;;
040818;0000;28,75;;;
040819;0000;27,4167;;;
040820;0000;37,9166;;;
040821;0000;47,375;;;
040822;0000;46,2916;;;
040823;0000;54,1666;;;
040824;0000;43,7083;;;
040825;0000;40,8333;;;
040826;0000;48,5833;;;
040827;0000;55,1666;;;
040828;0000;49,3333;;;
040829;0000;26,5417;;;
040830;0000;33,7083;;;
040831;0000;32,125;;;
040901;0000;46,75;;;
040902;0000;59,2083;;;
040903;0000;31,9167;;;
040904;0000;12;;;
040905;0000;25,9583;;;
040906;0000;11,5;;;
040907;0000;9,85713;;;
040908;0000;22,9167;;;
040909;0000;27,6667;;;
040910;0000;34,5;;;
040911;0000;36,1428;;;
040912;0000;38,3333;;;
040913;0000;36,25;;;
040914;0000;40,3333;;;
040915;0000;46,75;;;
040916;0000;43,7916;;;
040917;0000;23,25;;;
040918;0000;13,75;;;
040919;0000;16,75;;;
040920;0000;18,9583;;;
040921;0000;23,2083;;;
040922;0000;30,0833;;;
040923;0000;26,7917;;;
040924;0000;30,9583;;;
040925;0000;32,8333;;;
040926;0000;30,0833;;;
040927;0000;26,9167;;;
040928;0000;35,2;;;
040929;0000;30,9167;;;
040930;0000;33,875;;;
041001;0000;35,375;;;
041002;0000;38,3333;;;
041003;0000;32,3333;;;
041004;0000;35;;;
041005;0000;26,3333;;;
041006;0000;22,375;;;
041007;0000;12,7083;;;
041008;0000;20,5;;;
041009;0000;21,375;;;
041010;0000;20,0417;;;
041011;0000;12,3333;;;
041012;0000;15,9167;;;
041013;0000;19,125;;;
041014;0000;19,9583;;;
041015;0000;16,4583;;;
041016;0000;17,9583;;;
041017;0000;17,6667;;;
041018;0000;21,0417;;;
041019;0000;27,9583;;;
041020;0000;25,875;;;
041021;0000;34,5416;;;
041022;0000;24,9167;;;
041023;0000;19,1667;;;
041024;0000;14,875;;;
041025;0000;23,5909;;;
041026;0000;18,2917;;;
041027;0000;25,9167;;;
041028;0000;25,5833;;;
041029;0000;25,2083;;;
041030;0000;26,9167;;;
041031;0000;26,3333;;;
041101;0000;22,4583;;;
041102;0000;22,2083;;;
041103;0000;21,125;;;
041104;0000;15,9583;;;
041105;0000;31,5;;;
041106;0000;35,9583;;;
041107;0000;35,25;;;
041108;0000;21,75;;;
041109;0000;24,4583;;;
041110;0000;28,0417;;;
041111;0000;36,9166;;;
041112;0000;17,2917;;;
041113;0000;16,6667;;;
041114;0000;17,2917;;;
041115;0000;18,0833;;;
041116;0000;25,875;;;
041117;0000;26,9167;;;
041118;0000;31,25;;;
041119;0000;32,125;;;
041120;0000;25,1667;;;
041121;0000;26,2083;;;
041122;0000;18,3333;;;
041123;0000;20,5454;;;
041124;0000;15,3478;;;
041125;0000;21,4545;;;
041126;0000;23,5217;;;
041127;0000;32,9583;;;
041128;0000;30,1364;;;
041129;0000;26,1429;;;
041130;0000;30,3;;;
041201;0000;17,4167;;;
041202;0000;19,5417;;;
041203;0000;15,2917;;;
041204;0000;21,2083;;;
041205;0000;21,1667;;;
041206;0000;22,2917;;;
041207;0000;21,5;;;
041208;0000;21;;;
041209;0000;26,3333;;;
041210;0000;27,9583;;;
041211;0000;29,4167;;;
041212;0000;26,625;;;
041213;0000;28,0417;;;
041214;0000;24,7083;;;
041215;0000;19,9167;;;
041216;0000;22,25;;;
041217;0000;25,125;;;
041218;0000;23,625;;;
041219;0000;23,375;;;
041220;0000;24,5417;;;
041221;0000;45;;;
041222;0000;30,7917;;;
041223;0000;22,125;;;
041224;0000;29,875;;;
041225;0000;25,7917;;;
041226;0000;28,7083;;;
041227;0000;28,2381;;;
041228;0000;33,6666;;;
041229;0000;32,4166;;;
041230;0000;27,75;;;
041231;0000;30,5417;;;
050101;0000;24,0833;;;
050102;0000;21,4167;;;
050103;0000;22,5;;;
050104;0000;28,125;;;
050105;0000;23,2917;;;
050106;0000;24,6667;;;
050107;0000;52,619;;;
050108;0000;43,7916;;;
050109;0000;27;;;
050110;0000;33;;;
050111;0000;34,875;;;
050112;0000;30,25;;;
050113;0000;34,875;;;
050114;0000;21,4167;;;
050115;0000;30,125;;;
050116;0000;33,875;;;
050117;0000;37,0416;;;
050118;0000;34,8333;;;
050119;0000;31,7917;;;
050120;0000;32,2916;;;
050121;0000;32,125;;;
050122;0000;24,5417;;;
050123;0000;25,2917;;;
050124;0000;28,25;;;
050125;0000;31,1667;;;
050126;0000;32,5;;;
050127;0000;29,7917;;;
050128;0000;26,4167;;;
050129;0000;16,9167;;;
050130;0000;12,5417;;;
050131;0000;23,625;;;
050201;0000;34,0833;;;
050202;0000;70,7916;;;
050203;0000;61,5833;;;
050204;0000;48,2916;;;
050205;0000;35,2916;;;
050206;0000;35,5416;;;
050207;0000;25,9167;;;
050208;0000;32,5454;;;
050209;0000;34;;;
050210;0000;39,4166;;;
050211;0000;32,375;;;
050212;0000;24,1667;;;
050213;0000;15,0417;;;
050214;0000;21,375;;;
050215;0000;25,9583;;;
050216;0000;39,5416;;;
050217;0000;34,7083;;;
050218;0000;36,875;;;
050219;0000;35,7083;;;
050220;0000;35,875;;;
050221;0000;29,0417;;;
050222;0000;27,7;;;
050223;0000;26,4583;;;
050224;0000;38,2916;;;
050225;0000;39,9166;;;
050226;0000;34,125;;;
050227;0000;33,1666;;;
050228;0000;30,7083;;;
050301;0000;29,6667;;;
050302;0000;34,9166;;;
050303;0000;29,9167;;;
050304;0000;28,0417;;;
050305;0000;33,75;;;
050306;0000;29,625;;;
050307;0000;19,3333;;;
050308;0000;25,9167;;;
050309;0000;31,625;;;
050310;0000;32,8333;;;
050311;0000;27,6667;;;
050312;0000;30,1667;;;
050313;0000;28,4167;;;
050314;0000;25,3333;;;
050315;0000;23;;;
050316;0000;24,25;;;
050317;0000;25,4167;;;
050318;0000;31,625;;;
050319;0000;38,7916;;;
050320;0000;47,9166;;;
050321;0000;34,9523;;;
050322;0000;30,3333;;;
050323;0000;38,0454;;;
050324;0000;42,3333;;;
050325;0000;35,3333;;;
050326;0000;24,0417;;;
050327;0000;27,8333;;;
050328;0000;33,5416;;;
050329;0000;43,8333;;;
050330;0000;52,6666;;;
050331;0000;36,421;;;
050401;0000;30;;;
050402;0000;32,7083;;;
050403;0000;27,5417;;;
050404;0000;32,5416;;;
050405;0000;34;;;
050406;0000;28,7083;;;
050407;0000;28,4167;;;
050408;0000;40,6666;;;
050409;0000;38,3333;;;
050410;0000;31,4167;;;
050411;0000;32,8333;;;
050412;0000;45,2916;;;
050413;0000;41;;;
050414;0000;46,4166;;;
050415;0000;52,4166;;;
050416;0000;62,9454;;;
050417;0000;56,7083;;;
050418;0000;51,25;;;
050419;0000;41,75;;;
050420;0000;40,1666;;;
050421;0000;55,4583;;;
050422;0000;58,0416;;;
050423;0000;63,5416;;;
050424;0000;34,5833;;;
050425;0000;27,5;;;
050426;0000;40,2083;;;
050427;0000;57,7916;;;
050428;0000;41,125;;;
050429;0000;46,5;;;
050430;0000;47,0416;;;
050501;0000;42,9166;;;
050502;0000;43;;;
050503;0000;28,0833;;;
050504;0000;10,0833;;;
050505;0000;30,7143;;;
050506;0000;43,6666;;;
050507;0000;37,125;;;
050508;0000;21;;;
050509;0000;52,375;;;
050510;0000;25,0833;;;
050511;0000;73,6666;;;
050512;0000;37,4583;;;
050513;0000;26,9583;;;
050514;0000;29;;;
050515;0000;37,375;;;
050516;0000;29,125;;;
050517;0000;22,9167;;;
050518;0000;14,8333;;;
050519;0000;20,0417;;;
050520;0000;38,7083;;;
050521;0000;56,5416;;;
050522;0000;78,7083;;;
050523;0000;12,2917;;;
050524;0000;33,1666;;;
050525;0000;41,5833;;;
050526;0000;73,7916;;;
050527;0000;64,1428;;;
050528;0000;;;;
050529;0000;35,875;;;
050530;0000;52;;;
050531;0000;61,9166;;;
050601;0000;69,6666;;;
050602;0000;37,4583;;;
050603;0000;31,7083;;;
050604;0000;67,7916;;;
050605;0000;60,7916;;;
050606;0000;64,6666;;;
050607;0000;73,5833;;;
050608;0000;83,4285;;;
050609;0000;91,25;;;
050610;0000;35,7083;;;
050611;0000;29,125;;;
050612;0000;31,7917;;;
050613;0000;35,25;;;
050614;0000;21;;;
050615;0000;27,1667;;;
050616;0000;31,5;;;
050617;0000;65,5833;;;
050618;0000;16,0833;;;
050619;0000;39,8333;;;
050620;0000;54,375;;;
050621;0000;51,6666;;;
050622;0000;39,7916;;;
050623;0000;50,3333;;;
050624;0000;63,6666;;;
050625;0000;61,9166;;;
050626;0000;40,125;;;
050627;0000;10,0417;;;
050628;0000;24,5417;;;
050629;0000;30,375;;;
050630;0000;30,875;;;
050701;0000;38,625;;;
050702;0000;13,875;;;
050703;0000;25,5417;;;
050704;0000;38,4091;;;
050705;0000;76,0416;;;
050706;0000;42,3333;;;
050707;0000;58,0416;;;
050708;0000;61,375;;;
050709;0000;67,25;;;
050710;0000;49,5;;;
050711;0000;46,7916;;;
050712;0000;26,625;;;
050713;0000;34,1364;;;
050714;0000;14,0833;;;
050715;0000;34,3333;;;
050716;0000;49,625;;;
050717;0000;43,875;;;
050718;0000;51,3333;;;
050719;0000;48,5;;;
050720;0000;41,9583;;;
050721;0000;60,125;;;
050722;0000;51,8333;;;
050723;0000;62,4583;;;
050724;0000;44,2916;;;
050725;0000;39,9166;;;
050726;0000;51,4583;;;
050727;0000;68,6666;;;
050728;0000;88,0833;;;
050729;0000;64,0833;;;
050730;0000;47,4166;;;
050731;0000;42,625;;;
050801;0000;39,8333;;;
050802;0000;52,4583;;;
050803;0000;27,875;;;
050804;0000;22;;;
050805;0000;17,2083;;;
050806;0000;50;;;
050807;0000;50,9166;;;
050808;0000;50,375;;;
050809;0000;56,5833;;;
050810;0000;58,4166;;;
050811;0000;45,3333;;;
050812;0000;60,4166;;;
050813;0000;16,9583;;;
050814;0000;22,9583;;;
050815;0000;23,8333;;;
050816;0000;9,66666;;;
050817;0000;32,7727;;;
050818;0000;36,75;;;
050819;0000;38,4583;;;
050820;0000;30,4583;;;
050821;0000;21,5;;;
050822;0000;22,3333;;;
050823;0000;32;;;
050824;0000;35,75;;;
050825;0000;36,5833;;;
050826;0000;33,7916;;;
050827;0000;5,54166;;;
050828;0000;4,79166;;;
050829;0000;17,4583;;;
050830;0000;20,7917;;;
050831;0000;20,2083;;;
050901;0000;33,875;;;
050902;0000;30,3333;;;
050903;0000;19,375;;;
050904;0000;31,75;;;
050905;0000;53,25;;;
050906;0000;35,9166;;;
050907;0000;29,375;;;
050908;0000;27,2083;;;
050909;0000;16,5417;;;
050910;0000;17,125;;;
050911;0000;28,0833;;;
050912;0000;28,0833;;;
050913;0000;19,375;;;
050914;0000;17,6667;;;
050915;0000;34,5;;;
050916;0000;42,375;;;
050917;0000;50,9166;;;
050918;0000;55,625;;;
050919;0000;32,0833;;;
050920;0000;29,0417;;;
050921;0000;30,7727;;;
050922;0000;23,0417;;;
050923;0000;21,2917;;;
050924;0000;27,6667;;;
050925;0000;24,0833;;;
050926;0000;25,9167;;;
050927;0000;29,4583;;;
050928;0000;24,4583;;;
050929;0000;16,9583;;;
050930;0000;25,1667;;;
051001;0000;27,25;;;
051002;0000;13,5833;;;
051003;0000;10,625;;;
051004;0000;10,7917;;;
051005;0000;16,875;;;
051006;0000;32,4583;;;
051007;0000;28,5417;;;
051008;0000;33,6666;;;
051009;0000;23,5417;;;
051010;0000;22,5833;;;
051011;0000;23;;;
051012;0000;17,5417;;;
051013;0000;21,75;;;
051014;0000;20,7083;;;
051015;0000;20,625;;;
051016;0000;24,0833;;;
051017;0000;27,125;;;
051018;0000;26,4167;;;
051019;0000;30,2083;;;
051020;0000;35,5;;;
051021;0000;37,75;;;
051022;0000;25,7083;;;
051023;0000;24,4583;;;
051024;0000;17,25;;;
051025;0000;23,75;;;
051026;0000;17,7083;;;
051027;0000;19,25;;;
051028;0000;12,75;;;
051029;0000;21,5833;;;
051030;0000;19,4167;;;
051031;0000;21,7143;;;
051101;0000;19,8333;;;
051102;0000;23,3333;;;
051103;0000;19,0417;;;
051104;0000;25,0833;;;
051105;0000;27,875;;;
051106;0000;26,9167;;;
051107;0000;29,5;;;
051108;0000;33,875;;;
051109;0000;33,375;;;
051110;0000;33,3333;;;
051111;0000;32,2916;;;
051112;0000;30,9167;;;
051113;0000;31,5417;;;
051114;0000;25,3333;;;
051115;0000;21,625;;;
051116;0000;26,4167;;;
051117;0000;19,9167;;;
051118;0000;18;;;
051119;0000;29,5833;;;
051120;0000;23,0417;;;
051121;0000;19,5833;;;
051122;0000;21,2917;;;
051123;0000;10,0417;;;
051124;0000;23,5;;;
051125;0000;27,3333;;;
051126;0000;18,7083;;;
051127;0000;16,2083;;;
051128;0000;17,0833;;;
051129;0000;15,2273;;;
051130;0000;17,75;;;
051201;0000;18,5833;;;
051202;0000;19,0417;;;
051203;0000;16,875;;;
051204;0000;11,5833;;;
051205;0000;15,9583;;;
051206;0000;17,5238;;;
051207;0000;17,4167;;;
051208;0000;19,5417;;;
051209;0000;22,2083;;;
051210;0000;27,0833;;;
051211;0000;20,625;;;
051212;0000;22,5833;;;
051213;0000;22,25;;;
051214;0000;27,25;;;
051215;0000;27,625;;;
051216;0000;29,2917;;;
051217;0000;35,625;;;
051218;0000;19,8333;;;
051219;0000;20,7083;;;
051220;0000;23,7917;;;
051221;0000;25,3333;;;
051222;0000;26,5833;;;
051223;0000;25,5417;;;
051224;0000;30,875;;;
051225;0000;26,625;;;
051226;0000;24,6667;;;
051227;0000;20,2917;;;
051228;0000;21,6667;;;
051229;0000;22,7917;;;
051230;0000;24,125;;;
051231;0000;28,25;;;
060101;0000;15,9167;;;
060102;0000;17,625;;;
060103;0000;17,4091;;;
060104;0000;18,5417;;;
060105;0000;17,6667;;;
060106;0000;17,2917;;;
060107;0000;20,9167;;;
060108;0000;20,125;;;
060109;0000;18,625;;;
060110;0000;14,6667;;;
060111;0000;24;;;
060112;0000;33,5833;;;
060113;0000;27,0833;;;
060114;0000;27,2083;;;
060115;0000;20,125;;;
060116;0000;27,1667;;;
060117;0000;29,381;;;
060118;0000;25,9583;;;
060119;0000;23,75;;;
060120;0000;24,8333;;;
060121;0000;26,5;;;
060122;0000;23,7917;;;
060123;0000;25,7083;;;
060124;0000;25,5;;;
060125;0000;29,4167;;;
060126;0000;28,5417;;;
060127;0000;36,2083;;;
060128;0000;41,9166;;;
060129;0000;28,5417;;;
060130;0000;25,2083;;;
060131;0000;25,3333;;;
060201;0000;28,125;;;
060202;0000;22,375;;;
060203;0000;20,5417;;;
060204;0000;26,125;;;
060205;0000;23,75;;;
060206;0000;24,4167;;;
060207;0000;25,2083;;;
060208;0000;25,125;;;
060209;0000;28,625;;;
060210;0000;31,5417;;;
060211;0000;29,2917;;;
060212;0000;22,5833;;;
060213;0000;23,5833;;;
060214;0000;25,7083;;;
060215;0000;23,0417;;;
060216;0000;22,125;;;
060217;0000;22,7083;;;
060218;0000;21,0417;;;
060219;0000;17,1667;;;
060220;0000;19,5417;;;
060221;0000;28;;;
060222;0000;18;;;
060223;0000;22,5833;;;
060224;0000;25,9167;;;
060225;0000;27,4167;;;
060226;0000;23,375;;;
060227;0000;21,5417;;;
060228;0000;20,9167;;;
060301;0000;21,75;;;
060302;0000;19,75;;;
060303;0000;27,5;;;
060304;0000;27,75;;;
060305;0000;27,25;;;
060306;0000;22,3333;;;
060307;0000;16,3684;;;
060308;0000;31,125;;;
060309;0000;33,625;;;
060310;0000;32,9583;;;
060311;0000;41;;;
060312;0000;31,0833;;;
060313;0000;29,25;;;
060314;0000;24,375;;;
060315;0000;20;;;
060316;0000;27,2917;;;
060317;0000;43,9166;;;
060318;0000;46,6666;;;
060319;0000;39,3333;;;
060320;0000;31,375;;;
060321;0000;34,2222;;;
060322;0000;39,5416;;;
060323;0000;38,2083;;;
060324;0000;40,125;;;
060325;0000;46,875;;;
060326;0000;33,2083;;;
060327;0000;38;;;
060328;0000;43,4545;;;
060329;0000;43,5;;;
060330;0000;42,9166;;;
060331;0000;54,9583;;;
060401;0000;49,125;;;
060402;0000;55,4583;;;
060403;0000;51,0416;;;
060404;0000;37,9091;;;
060405;0000;36,375;;;
060406;0000;34,6666;;;
060407;0000;44;;;
060408;0000;44,3333;;;
060409;0000;32,3333;;;
060410;0000;35,5416;;;
060411;0000;35,4166;;;
060412;0000;39,9166;;;
060413;0000;14,7083;;;
060414;0000;21,7917;;;
060415;0000;32,2916;;;
060416;0000;31,0833;;;
060417;0000;42,2916;;;
060418;0000;59,9166;;;
060419;0000;50;;;
060420;0000;20,125;;;
060421;0000;38;;;
060422;0000;37,4583;;;
060423;0000;31,4167;;;
060424;0000;37;;;
060425;0000;39,9166;;;
060426;0000;55,4166;;;
060427;0000;47,2916;;;
060428;0000;64,375;;;
060429;0000;76,5416;;;
060430;0000;57,75;;;
060501;0000;42,5416;;;
060502;0000;68,375;;;
060503;0000;49,7083;;;
060504;0000;45,9545;;;
060505;0000;66,5833;;;
060506;0000;80,75;;;
060507;0000;52,8333;;;
060508;0000;55,0416;;;
060509;0000;69,0833;;;
060510;0000;78,625;;;
060511;0000;89,4545;;;
060512;0000;99,0416;;;
060513;0000;82,2083;;;
060514;0000;78,125;;;
060515;0000;73,9166;;;
060516;0000;46,3333;;;
060517;0000;40,875;;;
060518;0000;43,5833;;;
060519;0000;102,375;;;
060520;0000;111,167;;;
060521;0000;70,375;;;
060522;0000;65,75;;;
060523;0000;44,875;;;
060524;0000;47,125;;;
060525;0000;34,25;;;
060526;0000;22,5417;;;
060527;0000;51,7916;;;
060528;0000;31,9583;;;
060529;0000;41,4285;;;
060530;0000;40,0416;;;
060531;0000;53,0833;;;
060601;0000;60,625;;;
060602;0000;73,25;;;
060603;0000;53,0416;;;
060604;0000;48,2083;;;
060605;0000;40,125;;;
060606;0000;53,375;;;
060607;0000;19,4583;;;
060608;0000;14,375;;;
060609;0000;21,5;;;
060610;0000;48,1666;;;
060611;0000;64,875;;;
060612;0000;51,4583;;;
060613;0000;68,0833;;;
060614;0000;54,875;;;
060615;0000;59,6666;;;
060616;0000;47,1666;;;
060617;0000;44,0416;;;
060618;0000;53,8333;;;
060619;0000;62,4583;;;
060620;0000;51;;;
060621;0000;58,0833;;;
060622;0000;44,5833;;;
060623;0000;51,7083;;;
060624;0000;41,3333;;;
060625;0000;35;;;
060626;0000;37,2083;;;
060627;0000;30;;;
060628;0000;59;;;
060629;0000;60,8333;;;
060630;0000;86,25;;;
060701;0000;63,625;;;
060702;0000;28,9167;;;
060703;0000;38,4166;;;
060704;0000;44,6666;;;
060705;0000;49;;;
060706;0000;33,875;;;
060707;0000;11,875;;;
060708;0000;15,8333;;;
060709;0000;31,4583;;;
060710;0000;43,9166;;;
060711;0000;15,6667;;;
060712;0000;11,7917;;;
060713;0000;29,7917;;;
060714;0000;60,5;;;
060715;0000;49,7083;;;
060716;0000;46,8333;;;
060717;0000;44,0476;;;
060718;0000;48,125;;;
060719;0000;45,6666;;;
060720;0000;34,5;;;
060721;0000;34,7916;;;
060722;0000;23,7083;;;
060723;0000;24,2917;;;
060724;0000;40,25;;;
060725;0000;33,2083;;;
060726;0000;14,7917;;;
060727;0000;27,3333;;;
060728;0000;47,875;;;
060729;0000;60,3333;;;
060730;0000;52,7083;;;
060731;0000;57,6666;;;
060801;0000;89,6666;;;
060802;0000;55,1666;;;
060803;0000;48,9166;;;
060804;0000;34,7916;;;
060805;0000;75,7916;;;
060806;0000;39,1111;;;
060807;0000;24,75;;;
060808;0000;22,5417;;;
060809;0000;18,0417;;;
060810;0000;38,375;;;
060811;0000;14,2083;;;
060812;0000;47,2083;;;
060813;0000;21,7917;;;
060814;0000;31,375;;;
060815;0000;39,6666;;;
060816;0000;46,2083;;;
060817;0000;44,5416;;;
060818;0000;49,125;;;
060819;0000;37,4166;;;
060820;0000;31,5833;;;
060821;0000;35,1666;;;
060822;0000;45,25;;;
060823;0000;47,0833;;;
060824;0000;33,0833;;;
060825;0000;27,375;;;
060826;0000;44,7083;;;
060827;0000;31,4583;;;
060828;0000;30,0833;;;
060829;0000;34,3333;;;
060830;0000;23,5833;;;
060831;0000;21,5417;;;
060901;0000;24,2917;;;
060902;0000;45,7916;;;
060903;0000;38,0416;;;
060904;0000;33,375;;;
060905;0000;36,0416;;;
060906;0000;37,4583;;;
060907;0000;26,625;;;
060908;0000;27,2083;;;
060909;0000;37,875;;;
060910;0000;19,1667;;;
060911;0000;9,09999;;;
060912;0000;32,7368;;;
060913;0000;20,125;;;
060914;0000;28,6667;;;
060915;0000;39,8095;;;
060916;0000;40,9583;;;
060917;0000;42,5833;;;
060918;0000;33,2916;;;
060919;0000;26,2917;;;
060920;0000;22,75;;;
060921;0000;28,375;;;
060922;0000;15,875;;;
060923;0000;31,4167;;;
060924;0000;23,2917;;;
060925;0000;21,9583;;;
060926;0000;38,75;;;
060927;0000;36,0416;;;
060928;0000;37,375;;;
060929;0000;35,125;;;
060930;0000;32,5833;;;
061001;0000;34,875;;;
061002;0000;30,0417;;;
061003;0000;18,9048;;;
061004;0000;13,5;;;
061005;0000;17,6667;;;
061006;0000;24,6667;;;
061007;0000;26,8333;;;
061008;0000;22,25;;;
061009;0000;19,75;;;
061010;0000;20,125;;;
061011;0000;22,4167;;;
061012;0000;20,3333;;;
061013;0000;15,0833;;;
061014;0000;13,125;;;
061015;0000;20,6667;;;
061016;0000;20,7917;;;
061017;0000;24,125;;;
061018;0000;35,9166;;;
061019;0000;26;;;
061020;0000;26,2727;;;
061021;0000;29,2083;;;
061022;0000;24,4583;;;
061023;0000;22,25;;;
061024;0000;15,75;;;
061025;0000;20,5;;;
061026;0000;14,75;;;
061027;0000;17,1667;;;
061028;0000;18,1667;;;
061029;0000;12,5417;;;
061030;0000;11,6667;;;
061031;0000;18,25;;;
061101;0000;23,0417;;;
061102;0000;26,75;;;
061103;0000;32,25;;;
061104;0000;22,7917;;;
061105;0000;14;;;
061106;0000;20,7083;;;
061107;0000;21,5;;;
061108;0000;20,4583;;;
061109;0000;27,1667;;;
061110;0000;30,5833;;;
061111;0000;35,375;;;
061112;0000;23,375;;;
061113;0000;18,2083;;;
061114;0000;13,8333;;;
061115;0000;14,65;;;
061116;0000;14,4583;;;
061117;0000;12,4167;;;
061118;0000;19,625;;;
061119;0000;24,0417;;;
061120;0000;24,7083;;;
061121;0000;30,9167;;;
061122;0000;28,0833;;;
061123;0000;28,1667;;;
061124;0000;26,0417;;;
061125;0000;22,75;;;
061126;0000;19,9583;;;
061127;0000;23,7917;;;
061128;0000;26,5833;;;
061129;0000;26;;;
061130;0000;25,9167;;;
061201;0000;41,7916;;;
061202;0000;22,9583;;;
061203;0000;20,6667;;;
061204;0000;21,25;;;
061205;0000;28,8333;;;
061206;0000;26,125;;;
061207;0000;29,6667;;;
061208;0000;25,5;;;
061209;0000;21,8333;;;
061210;0000;22,2083;;;
061211;0000;24,125;;;
061212;0000;21,4583;;;
061213;0000;20,4167;;;
061214;0000;19,0417;;;
061215;0000;22,9167;;;
061216;0000;23,0417;;;
061217;0000;24,0417;;;
061218;0000;24,9167;;;
061219;0000;28,25;;;
061220;0000;30,0833;;;
061221;0000;35,3333;;;
061222;0000;40,3333;;;
061223;0000;33,5;;;
061224;0000;24,125;;;
061225;0000;21,0833;;;
061226;0000;24,5;;;
061227;0000;28,125;;;
061228;0000;42,5;;;
061229;0000;42,25;;;
061230;0000;38,7083;;;
061231;0000;33,1739;;;
070101;0000;22,0417;;;
070102;0000;27,5833;;;
070103;0000;26,6818;;;
070104;0000;29,7917;;;
070105;0000;39,25;;;
070106;0000;23,6667;;;
070107;0000;17;;;
070108;0000;21,7083;;;
070109;0000;23,0833;;;
070110;0000;25,25;;;
070111;0000;26,4167;;;
070112;0000;31,375;;;
070113;0000;30,6667;;;
070114;0000;25,0833;;;
070115;0000;19,7917;;;
070116;0000;22,875;;;
070117;0000;22,4167;;;
070118;0000;25,9583;;;
070119;0000;31,5;;;
070120;0000;20,375;;;
070121;0000;13,7917;;;
070122;0000;13,5;;;
070123;0000;14,7917;;;
070124;0000;16,4583;;;
070125;0000;13,6667;;;
070126;0000;15,125;;;
070127;0000;18,1667;;;
070128;0000;14,375;;;
070129;0000;19,375;;;
070130;0000;20,9583;;;
070131;0000;27,4167;;;
070201;0000;26,6667;;;
070202;0000;27,4583;;;
070203;0000;21,25;;;
070204;0000;18,25;;;
070205;0000;20,5833;;;
070206;0000;23,4167;;;
070207;0000;21,25;;;
070208;0000;21,125;;;
070209;0000;24,875;;;
070210;0000;24,625;;;
070211;0000;32,9583;;;
070212;0000;20,0417;;;
070213;0000;18,9167;;;
070214;0000;17,5833;;;
070215;0000;14,0833;;;
070216;0000;8,33333;;;
070217;0000;19,5833;;;
070218;0000;18,5833;;;
070219;0000;15,7083;;;
070220;0000;17,2917;;;
070221;0000;13,9583;;;
070222;0000;21,2083;;;
070223;0000;24,7917;;;
070224;0000;29,125;;;
070225;0000;21;;;
070226;0000;21,9583;;;
070227;0000;26,7917;;;
070228;0000;21;;;
070301;0000;21,0417;;;
070302;0000;22,25;;;
070303;0000;26,6667;;;
070304;0000;22,25;;;
070305;0000;27,3333;;;
070306;0000;29,5;;;
070307;0000;26,375;;;
070308;0000;18,5417;;;
070309;0000;23,15;;;
070310;0000;28,6667;;;
070311;0000;22,9167;;;
070312;0000;23,375;;;
070313;0000;23,875;;;
070314;0000;25,875;;;
070315;0000;29,4737;;;
070316;0000;28,375;;;
070317;0000;31,4583;;;
070318;0000;26,9583;;;
070319;0000;29,0833;;;
070320;0000;30,1667;;;
070321;0000;27,6667;;;
070322;0000;36,3333;;;
070323;0000;34,3333;;;
070324;0000;31,375;;;
070325;0000;30,6667;;;
070326;0000;29,7917;;;
070327;0000;23,625;;;
070328;0000;21,0833;;;
070329;0000;28,5217;;;
070330;0000;30,7895;;;
070331;0000;27,875;;;
070401;0000;32,7916;;;
070402;0000;27,2917;;;
070403;0000;37,7083;;;
070404;0000;39,375;;;
070405;0000;44,125;;;
070406;0000;48,0833;;;
070407;0000;33,9166;;;
070408;0000;25,5417;;;
070409;0000;26,4167;;;
070410;0000;32,5;;;
070411;0000;21,4167;;;
070412;0000;33,625;;;
070413;0000;27,6667;;;
070414;0000;47,0416;;;
070415;0000;41,5;;;
070416;0000;19;;;
070417;0000;36,4285;;;
070418;0000;36,4166;;;
070419;0000;23,625;;;
070420;0000;36,4583;;;
070421;0000;34,875;;;
070422;0000;23,75;;;
070423;0000;46,5833;;;
070424;0000;43,25;;;
070425;0000;45,7083;;;
070426;0000;53,7916;;;
070427;0000;54,25;;;
070428;0000;79,75;;;
070429;0000;53,5416;;;
070430;0000;41,6666;;;
070501;0000;40,0833;;;
070502;0000;38,7916;;;
070503;0000;27,5417;;;
070504;0000;36,875;;;
070505;0000;49,1666;;;
070506;0000;44,375;;;
070507;0000;44;;;
070508;0000;46,4583;;;
070509;0000;53,2916;;;
070510;0000;74,3333;;;
070511;0000;86,0833;;;
070512;0000;56,75;;;
070513;0000;74,75;;;
070514;0000;91,25;;;
070515;0000;70,25;;;
070516;0000;46,9166;;;
070517;0000;54,0833;;;
070518;0000;58,9583;;;
070519;0000;72,7083;;;
070520;0000;78,9166;;;
070521;0000;56,5833;;;
070522;0000;55,8636;;;
070523;0000;56,0416;;;
070524;0000;54,3333;;;
070525;0000;92,5454;;;
070526;0000;83,4166;;;
070527;0000;99,0416;;;
070528;0000;66,2083;;;
070529;0000;47,0416;;;
070530;0000;62,375;;;
070531;0000;26,5417;;;
070601;0000;40,5833;;;
070602;0000;53,7083;;;
070603;0000;54,875;;;
070604;0000;53,8333;;;
070605;0000;59,4583;;;
070606;0000;79,2916;;;
070607;0000;79,0833;;;
070608;0000;82,625;;;
070609;0000;41,4166;;;
070610;0000;61,3333;;;
070611;0000;69,9583;;;
070612;0000;48,25;;;
070613;0000;14,0833;;;
070614;0000;10,6667;;;
070615;0000;45,6666;;;
070616;0000;108;;;
070617;0000;83,875;;;
070618;0000;71,3181;;;
070619;0000;31;;;
070620;0000;16;;;
070621;0000;32,375;;;
070622;0000;29,9583;;;
070623;0000;50,625;;;
070624;0000;48,2916;;;
070625;0000;53,0416;;;
070626;0000;79,9583;;;
070627;0000;50,2916;;;
070628;0000;52,0416;;;
070629;0000;49,1666;;;
070630;0000;68,2083;;;
070701;0000;56,2916;;;
070702;0000;59,3333;;;
070703;0000;71,5;;;
070704;0000;60,375;;;
070705;0000;19,7083;;;
070706;0000;20,375;;;
070707;0000;14,6667;;;
070708;0000;10,0417;;;
070709;0000;31,5417;;;
070710;0000;48,0416;;;
070711;0000;53,5;;;
070712;0000;86,3333;;;
070713;0000;22,875;;;
070714;0000;40,9583;;;
070715;0000;43,7083;;;
070716;0000;28,625;;;
070717;0000;41,7083;;;
070718;0000;64,4583;;;
070719;0000;54,7916;;;
070720;0000;49,4166;;;
070721;0000;18,8333;;;
070722;0000;23,9167;;;
070723;0000;18,5555;;;
070724;0000;21,6667;;;
070725;0000;38,5;;;
070726;0000;45,75;;;
070727;0000;46,9583;;;
070728;0000;48;;;
070729;0000;46,375;;;
070730;0000;70;;;
070731;0000;46,2916;;;
070801;0000;29,5;;;
070802;0000;34,1666;;;
070803;0000;50,7619;;;
070804;0000;58,0833;;;
070805;0000;47,4583;;;
070806;0000;37,75;;;
070807;0000;48,5;;;
070808;0000;14,4167;;;
070809;0000;34,2916;;;
070810;0000;44,2083;;;
070811;0000;38,7916;;;
070812;0000;43,4583;;;
070813;0000;20,125;;;
070814;0000;8,95833;;;
070815;0000;12,1667;;;
070816;0000;26,8333;;;
070817;0000;39,5416;;;
070818;0000;44,25;;;
070819;0000;32,0833;;;
070820;0000;33,25;;;
070821;0000;44,0416;;;
070822;0000;52,6666;;;
070823;0000;22,2083;;;
070824;0000;12,25;;;
070825;0000;27,2917;;;
070826;0000;34,3333;;;
070827;0000;35,5833;;;
070828;0000;35,0833;;;
070829;0000;42,0833;;;
070830;0000;49,875;;;
070831;0000;50,5;;;
070901;0000;60,8333;;;
070902;0000;39,2916;;;
070903;0000;38,6364;;;
070904;0000;39,6666;;;
070905;0000;39,7916;;;
070906;0000;46,4583;;;
070907;0000;38,4583;;;
070908;0000;31,3333;;;
070909;0000;29,7083;;;
070910;0000;29,9167;;;
070911;0000;33,6818;;;
070912;0000;40,25;;;
070913;0000;20,5833;;;
070914;0000;22,8571;;;
070915;0000;23,375;;;
070916;0000;16,625;;;
070917;0000;16,0833;;;
070918;0000;21,0833;;;
070919;0000;9,70833;;;
070920;0000;11,5417;;;
070921;0000;18,375;;;
070922;0000;24,9583;;;
070923;0000;26,2917;;;
070924;0000;32,625;;;
070925;0000;27,5;;;
070926;0000;31,0417;;;
070927;0000;37,6666;;;
070928;0000;36,6666;;;
070929;0000;41,8333;;;
070930;0000;33,1666;;;
071001;0000;19,25;;;
071002;0000;25,2917;;;
071003;0000;23,875;;;
071004;0000;27,0833;;;
071005;0000;28,625;;;
071006;0000;30,0417;;;
071007;0000;25,5833;;;
071008;0000;22,7083;;;
071009;0000;18,7917;;;
071010;0000;16,7083;;;
071011;0000;14,5417;;;
071012;0000;15,5833;;;
071013;0000;12,8333;;;
071014;0000;15,625;;;
071015;0000;15,875;;;
071016;0000;24,4167;;;
071017;0000;29,5833;;;
071018;0000;30,75;;;
071019;0000;34,4285;;;
071020;0000;22,2917;;;
071021;0000;22,0417;;;
071022;0000;23,125;;;
071023;0000;26,5833;;;
071024;0000;25,7917;;;
071025;0000;24,625;;;
071026;0000;28,3333;;;
071027;0000;24,75;;;
071028;0000;18,875;;;
071029;0000;22,25;;;
071030;0000;22,5417;;;
071031;0000;17,0833;;;
071101;0000;20,625;;;
071102;0000;22,3333;;;
071103;0000;31,75;;;
071104;0000;25,4167;;;
071105;0000;32,7916;;;
071106;0000;36,2083;;;
071107;0000;38,0416;;;
071108;0000;33,4166;;;
071109;0000;25,75;;;
071110;0000;16,3333;;;
071111;0000;21,7083;;;
071112;0000;22,3333;;;
071113;0000;24,9167;;;
071114;0000;28,1667;;;
071115;0000;24,5714;;;
071116;0000;26,5;;;
071117;0000;23,1667;;;
071118;0000;24,2917;;;
071119;0000;28,7917;;;
071120;0000;32,2916;;;
071121;0000;35,125;;;
071122;0000;22,4167;;;
071123;0000;27,9583;;;
071124;0000;28,4583;;;
071125;0000;26,1667;;;
071126;0000;24,9583;;;
071127;0000;25,2917;;;
071128;0000;25,0833;;;
071129;0000;25,9583;;;
071130;0000;32,2083;;;
071201;0000;27,0833;;;
071202;0000;29,6667;;;
071203;0000;26,7083;;;
071204;0000;29,4583;;;
071205;0000;29,875;;;
071206;0000;26,7083;;;
071207;0000;24,875;;;
071208;0000;21,4167;;;
071209;0000;19,125;;;
071210;0000;20,875;;;
071211;0000;26,7917;;;
071212;0000;27,7917;;;
071213;0000;21,5833;;;
071214;0000;25,5;;;
071215;0000;32,4583;;;
071216;0000;33,9166;;;
071217;0000;27,25;;;
071218;0000;35,9583;;;
071219;0000;26,625;;;
071220;0000;29,9583;;;
071221;0000;31,7083;;;
071222;0000;30,6667;;;
071223;0000;32,0416;;;
071224;0000;32,7083;;;
071225;0000;22,625;;;
071226;0000;18,4583;;;
071227;0000;27,3333;;;
071228;0000;30,9167;;;
071229;0000;25,25;;;
071230;0000;18,8333;;;
071231;0000;34,0833;;;
080101;0000;28,8333;;;
080102;0000;22,5417;;;
080103;0000;29,2917;;;
080104;0000;32,5833;;;
080105;0000;36,2083;;;
080106;0000;34,9583;;;
080107;0000;32,5;;;
080108;0000;30,8333;;;
080109;0000;19,5417;;;
080110;0000;18,7083;;;
080111;0000;30,625;;;
080112;0000;37,3333;;;
080113;0000;27,375;;;
080114;0000;20,75;;;
080115;0000;22,4583;;;
080116;0000;31,875;;;
080117;0000;51,125;;;
080118;0000;31,1667;;;
080119;0000;30,3182;;;
080120;0000;32,25;;;
080121;0000;29,0833;;;
080122;0000;26,375;;;
080123;0000;32;;;
080124;0000;25,25;;;
080125;0000;21,4167;;;
080126;0000;17,625;;;
080127;0000;24,7917;;;
080128;0000;26,4583;;;
080129;0000;31,875;;;
080130;0000;27,4167;;;
080131;0000;23,2917;;;
080201;0000;24,5417;;;
080202;0000;28,4583;;;
080203;0000;25,5417;;;
080204;0000;27,75;;;
080205;0000;27,5833;;;
080206;0000;14,3333;;;
080207;0000;19,4167;;;
080208;0000;25,25;;;
080209;0000;23,4167;;;
080210;0000;22,9167;;;
080211;0000;23,4583;;;
080212;0000;30,375;;;
080213;0000;29,375;;;
080214;0000;25,625;;;
080215;0000;22,6667;;;
080216;0000;25,25;;;
080217;0000;18,0833;;;
080218;0000;21,7917;;;
080219;0000;24,125;;;
080220;0000;23,4167;;;
080221;0000;23,5833;;;
080222;0000;24,7083;;;
080223;0000;19,1667;;;
080224;0000;16,7083;;;
080225;0000;15,6667;;;
080226;0000;22,9167;;;
080227;0000;30,4167;;;
080228;0000;26,5;;;
080229;0000;23;;;
080301;0000;19,3333;;;
080302;0000;16,7917;;;
080303;0000;18,5833;;;
080304;0000;22,875;;;
080305;0000;23,5417;;;
080306;0000;31,3333;;;
080307;0000;31,3333;;;
080308;0000;17,4167;;;
080309;0000;20,75;;;
080310;0000;18,2917;;;
080311;0000;25;;;
080312;0000;26,75;;;
080313;0000;28,375;;;
080314;0000;27,9167;;;
080315;0000;22;;;
080316;0000;16,75;;;
080317;0000;;;;
080318;0000;26,7143;;;
080319;0000;;;;
080320;0000;31,7083;;;
080321;0000;29,2083;;;
080322;0000;31,8333;;;
080323;0000;29,9583;;;
080324;0000;27,1667;;;
080325;0000;24,5833;;;
080326;0000;32,0416;;;
080327;0000;32,5;;;
080328;0000;35,4166;;;
080329;0000;28,2917;;;
080330;0000;26,8333;;;
080331;0000;27,3333;;;
080401;0000;35,125;;;
080402;0000;37,2083;;;
080403;0000;43,25;;;
080404;0000;47,9166;;;
080405;0000;47,2916;;;
080406;0000;25,25;;;
080407;0000;19,4583;;;
080408;0000;35,7083;;;
080409;0000;37,9166;;;
080410;0000;32,4583;;;
080411;0000;24,5;;;
080412;0000;26,4583;;;
080413;0000;22,0417;;;
080414;0000;34,6666;;;
080415;0000;39,9583;;;
080416;0000;43,75;;;
080417;0000;48,9166;;;
080418;0000;49,7083;;;
080419;0000;52,8333;;;
080420;0000;39,7916;;;
080421;0000;44;;;
080422;0000;51,0416;;;
080423;0000;54,625;;;
080424;0000;58,3333;;;
080425;0000;42,5;;;
080426;0000;42;;;
080427;0000;19,875;;;
080428;0000;11,5417;;;
080429;0000;29,4583;;;
080430;0000;36,5416;;;
080501;0000;39,9583;;;
080502;0000;38,3636;;;
080503;0000;47,8333;;;
080504;0000;44,6666;;;
080505;0000;47,7083;;;
080506;0000;54,3333;;;
080507;0000;60,5416;;;
080508;0000;60,4583;;;
080509;0000;60,3333;;;
080510;0000;78,375;;;
080511;0000;73,625;;;
080512;0000;65,6666;;;
080513;0000;66,4166;;;
080514;0000;69,8333;;;
080515;0000;79,6666;;;
080516;0000;56,5;;;
080517;0000;41;;;
080518;0000;37,5416;;;
080519;0000;10,0417;;;
080520;0000;22,9167;;;
080521;0000;24,125;;;
080522;0000;21,1667;;;
080523;0000;18,625;;;
080524;0000;44;;;
080525;0000;55,9166;;;
080526;0000;35,7916;;;
080527;0000;9,45833;;;
080528;0000;32,1428;;;
080529;0000;52,5833;;;
080530;0000;54,0416;;;
080531;0000;61,5416;;;
080601;0000;38,4583;;;
080602;0000;55,7916;;;
080603;0000;58,9166;;;
080604;0000;26,0833;;;
080605;0000;25,6667;;;
080606;0000;35,375;;;
080607;0000;41,4583;;;
080608;0000;40,5833;;;
080609;0000;43,875;;;
080610;0000;49,9166;;;
080611;0000;50,375;;;
080612;0000;62,875;;;
080613;0000;67,9166;;;
080614;0000;64,6666;;;
080615;0000;66,7083;;;
080616;0000;46,5;;;
080617;0000;101,667;;;
080618;0000;50,9583;;;
080619;0000;14,125;;;
080620;0000;45,4166;;;
080621;0000;84,0416;;;
080622;0000;66,4166;;;
080623;0000;67,8635;;;
080624;0000;72,1666;;;
080625;0000;56,1666;;;
080626;0000;59,75;;;
080627;0000;73,7083;;;
080628;0000;63,625;;;
080629;0000;60,75;;;
080630;0000;81,5;;;
080701;0000;79,4166;;;
080702;0000;50,9166;;;
080703;0000;57,8333;;;
080704;0000;31,0833;;;
080705;0000;57,125;;;
080706;0000;60,75;;;
080707;0000;67,2916;;;
080708;0000;70,375;;;
080709;0000;55,5416;;;
080710;0000;68,4166;;;
080711;0000;67;;;
080712;0000;62;;;
080713;0000;36,125;;;
080714;0000;46,4583;;;
080715;0000;43,25;;;
080716;0000;54,5416;;;
080717;0000;24,5417;;;
080718;0000;54,2916;;;
080719;0000;62,2083;;;
080720;0000;51,9166;;;
080721;0000;48,4583;;;
080722;0000;39,4166;;;
080723;0000;25,3333;;;
080724;0000;68,2083;;;
080725;0000;61,625;;;
080726;0000;45,4583;;;
080727;0000;44;;;
080728;0000;66,4583;;;
080729;0000;61,5;;;
080730;0000;59,5;;;
080731;0000;51,5833;;;
080801;0000;17,625;;;
080802;0000;23,25;;;
080803;0000;38,5416;;;
080804;0000;31,9167;;;
080805;0000;33,7916;;;
080806;0000;43,1666;;;
080807;0000;53,3333;;;
080808;0000;49,5416;;;
080809;0000;64,25;;;
080810;0000;58,0416;;;
080811;0000;26,6667;;;
080812;0000;;;;
080813;0000;57,5;;;
080814;0000;57,5;;;
080815;0000;16,75;;;
080816;0000;20,0417;;;
080817;0000;24,3333;;;
080818;0000;26,0417;;;
080819;0000;19,75;;;
080820;0000;19,8333;;;
080821;0000;36,2083;;;
080822;0000;42,7083;;;
080823;0000;46,125;;;
080824;0000;35;;;
080825;0000;36,5833;;;
080826;0000;17,2083;;;
080827;0000;10,1667;;;
080828;0000;16,4167;;;
080829;0000;36,2083;;;
080830;0000;30,125;;;
080831;0000;30,875;;;
080901;0000;22,2083;;;
080902;0000;13,7083;;;
080903;0000;12,375;;;
080904;0000;22,2083;;;
080905;0000;28,75;;;
080906;0000;40,4166;;;
080907;0000;37;;;
080908;0000;34,8333;;;
080909;0000;44,4583;;;
080910;0000;27,2083;;;
080911;0000;27;;;
080912;0000;40,9583;;;
080913;0000;42,4166;;;
080914;0000;36,6666;;;
080915;0000;37;;;
080916;0000;36,7083;;;
080917;0000;26,75;;;
080918;0000;38,5;;;
080919;0000;33,6666;;;
080920;0000;33,1666;;;
080921;0000;27,9167;;;
080922;0000;32,4583;;;
080923;0000;31,2917;;;
080924;0000;34,4583;;;
080925;0000;29,7917;;;
080926;0000;11,5417;;;
080927;0000;17,9583;;;
080928;0000;21,375;;;
080929;0000;24,2083;;;
080930;0000;18,3333;;;
081001;0000;21,7083;;;
081002;0000;21,7917;;;
081003;0000;20,375;;;
081004;0000;26,2083;;;
081005;0000;27,3333;;;
081006;0000;26,5833;;;
081007;0000;27,9167;;;
081008;0000;33,3333;;;
081009;0000;31,3333;;;
081010;0000;23,875;;;
081011;0000;26,625;;;
081012;0000;20;;;
081013;0000;19,0833;;;
081014;0000;14,2381;;;
081015;0000;22,2917;;;
081016;0000;27,4167;;;
081017;0000;34,3636;;;
081018;0000;33,2083;;;
081019;0000;25,2917;;;
081020;0000;17,9583;;;
081021;0000;23,7917;;;
081022;0000;28,2083;;;
081023;0000;34,375;;;
081024;0000;33,9583;;;
081025;0000;24,2083;;;
081026;0000;27,0833;;;
081027;0000;24,9583;;;
081028;0000;18,625;;;
081029;0000;27,25;;;
081030;0000;36,2916;;;
081031;0000;35,9583;;;
081101;0000;30,125;;;
081102;0000;28,625;;;
081103;0000;31,5;;;
081104;0000;37,2916;;;
081105;0000;31,625;;;
081106;0000;29,3333;;;
081107;0000;22,9583;;;
081108;0000;25,5833;;;
081109;0000;26,2083;;;
081110;0000;33,1666;;;
081111;0000;33,9583;;;
081112;0000;35,2083;;;
081113;0000;35,2916;;;
081114;0000;23,625;;;
081115;0000;24,9583;;;
081116;0000;29,75;;;
081117;0000;34;;;
081118;0000;40,9583;;;
081119;0000;33,8333;;;
081120;0000;31,9167;;;
081121;0000;26,9167;;;
081122;0000;24,2917;;;
081123;0000;25,6667;;;
081124;0000;29,6667;;;
081125;0000;30,625;;;
081126;0000;29,1667;;;
081127;0000;19,9583;;;
081128;0000;21,5833;;;
081129;0000;23,7083;;;
081130;0000;23,9167;;;
081201;0000;25,2917;;;
081202;0000;33,4166;;;
081203;0000;43,2291;;;
081204;0000;34,5833;;;
081205;0000;29,7083;;;
081206;0000;28,875;;;
081207;0000;24,4167;;;
081208;0000;18,25;;;
081209;0000;25,2083;;;
081210;0000;31,4583;;;
081211;0000;32,5454;;;
081212;0000;28,75;;;
081213;0000;31,7083;;;
081214;0000;28,7917;;;
081215;0000;23,9583;;;
081216;0000;29,1667;;;
081217;0000;24,4583;;;
081218;0000;26,6667;;;
081219;0000;29,4167;;;
081220;0000;23,7083;;;
081221;0000;24,25;;;
081222;0000;26,7083;;;
081223;0000;33,4583;;;
081224;0000;33,0416;;;
081225;0000;27,875;;;
081226;0000;27,0833;;;
081227;0000;38;;;
081228;0000;23,625;;;
081229;0000;25,625;;;
081230;0000;35;;;
081231;0000;40,9166;;;
090101;0000;38,4583;;;
090102;0000;30,875;;;
090103;0000;32,2916;;;
090104;0000;32,7916;;;
090105;0000;24,125;;;
090106;0000;21,381;;;
090107;0000;24,6667;;;
090108;0000;26,5833;;;
090109;0000;29,25;;;
090110;0000;32,0833;;;
090111;0000;26,3333;;;
090112;0000;26,4583;;;
090113;0000;32,7916;;;
090114;0000;26,375;;;
090115;0000;30,3333;;;
090116;0000;33,5416;;;
090117;0000;33,75;;;
090118;0000;27,5417;;;
090119;0000;27,5;;;
090120;0000;33,7083;;;
090121;0000;37,25;;;
090122;0000;35,125;;;
090123;0000;41,875;;;
090124;0000;28,8333;;;
090125;0000;24,0833;;;
090126;0000;29,7917;;;
090127;0000;38,25;;;
090128;0000;40,125;;;
090129;0000;36,9583;;;
090130;0000;35,6666;;;
090131;0000;29,125;;;
090201;0000;25,7917;;;
090202;0000;28,5833;;;
090203;0000;28,4583;;;
090204;0000;28,5;;;
090205;0000;22,8333;;;
090206;0000;32,5;;;
090207;0000;31,1667;;;
090208;0000;31,5;;;
090209;0000;32,375;;;
090210;0000;32,0833;;;
090211;0000;36,125;;;
090212;0000;36,2083;;;
090213;0000;40,0833;;;
090214;0000;37,2083;;;
090215;0000;40,375;;;
090216;0000;29,8333;;;
090217;0000;26,1667;;;
090218;0000;26,25;;;
090219;0000;26,2917;;;
090220;0000;24,5;;;
090221;0000;22,9167;;;
090222;0000;24,875;;;
090223;0000;28,8333;;;
090224;0000;39;;;
090225;0000;38,5833;;;
090226;0000;34,75;;;
090227;0000;37,75;;;
090228;0000;39,375;;;
090301;0000;27,8333;;;
090302;0000;24,3333;;;
090303;0000;21,25;;;
090304;0000;29,1667;;;
090305;0000;32,4583;;;
090306;0000;31,8333;;;
090307;0000;25,9167;;;
090308;0000;30,7083;;;
090309;0000;34,7083;;;
090310;0000;32,9583;;;
090311;0000;35;;;
090312;0000;29,7083;;;
090313;0000;29,1667;;;
090314;0000;31,2083;;;
090315;0000;25,4583;;;
090316;0000;25,125;;;
090317;0000;25,2083;;;
090318;0000;31,9167;;;
090319;0000;30,4583;;;
090320;0000;30,0833;;;
090321;0000;32,7916;;;
090322;0000;34,125;;;
090323;0000;27;;;
090324;0000;26,125;;;
090325;0000;30,2083;;;
090326;0000;28,8333;;;
090327;0000;27,875;;;
090328;0000;27,625;;;
090329;0000;23,75;;;
090330;0000;25,25;;;
090331;0000;26,5417;;;
090401;0000;23,0417;;;
090402;0000;20,7917;;;
090403;0000;16,5833;;;
090404;0000;21,5833;;;
090405;0000;27,3333;;;
090406;0000;24,0417;;;
090407;0000;26,6667;;;
090408;0000;25,125;;;
090409;0000;31,625;;;
090410;0000;28,9583;;;
090411;0000;25,7083;;;
090412;0000;24,7917;;;
090413;0000;26,5417;;;
090414;0000;29,375;;;
090415;0000;40,7916;;;
090416;0000;39,9583;;;
090417;0000;41,0416;;;
090418;0000;33,5;;;
090419;0000;30,0417;;;
090420;0000;28,6667;;;
090421;0000;33,125;;;
090422;0000;30,1667;;;
090423;0000;27,625;;;
090424;0000;40,75;;;
090425;0000;42;;;
090426;0000;44,0416;;;
090427;0000;42,1666;;;
090428;0000;47,5;;;
090429;0000;59,0454;;;
090430;0000;60,0416;;;
090501;0000;66,2083;;;
090502;0000;57,25;;;
090503;0000;37,4583;;;
090504;0000;20,7083;;;
090505;0000;36,6666;;;
090506;0000;43,5416;;;
090507;0000;43;;;
090508;0000;45,125;;;
090509;0000;53,75;;;
090510;0000;76,7083;;;
090511;0000;55,8333;;;
090512;0000;35,5416;;;
090513;0000;17,375;;;
090514;0000;27,7083;;;
090515;0000;39,4166;;;
090516;0000;39,75;;;
090517;0000;26,4167;;;
090518;0000;28,2083;;;
090519;0000;36,75;;;
090520;0000;35,5;;;
090521;0000;39,625;;;
090522;0000;34,6666;;;
090523;0000;49,75;;;
090524;0000;58,7916;;;
090525;0000;20,125;;;
090526;0000;25,125;;;
090527;0000;50;;;
090528;0000;55,25;;;
090529;0000;45,375;;;
090530;0000;36,5416;;;
090531;0000;32,2083;;;
090601;0000;32,625;;;
090602;0000;33,2083;;;
090603;0000;43,875;;;
090604;0000;44,5833;;;
090605;0000;37,2083;;;
090606;0000;52,7083;;;
090607;0000;55,375;;;
090608;0000;64,2916;;;
090609;0000;42,7916;;;
090610;0000;46,8095;;;
090611;0000;39,6666;;;
090612;0000;49,0416;;;
090613;0000;66,0416;;;
090614;0000;49,9583;;;
090615;0000;26,0417;;;
090616;0000;28,875;;;
090617;0000;24,75;;;
090618;0000;50,25;;;
090619;0000;28,375;;;
090620;0000;14,625;;;
090621;0000;23,7083;;;
090622;0000;47,4583;;;
090623;0000;65,125;;;
090624;0000;48,375;;;
090625;0000;52,2916;;;
090626;0000;52,3333;;;
090627;0000;36,375;;;
090628;0000;7,25;;;
090629;0000;22,1667;;;
090630;0000;20,0417;;;
090701;0000;23,0833;;;
090702;0000;35,2916;;;
090703;0000;48,1666;;;
090704;0000;58,4583;;;
090705;0000;49,375;;;
090706;0000;18,875;;;
090707;0000;22,2083;;;
090708;0000;43,3333;;;
090709;0000;31,4167;;;
090710;0000;32,875;;;
090711;0000;43,0833;;;
090712;0000;37,8333;;;
090713;0000;37,8333;;;
090714;0000;24,625;;;
090715;0000;33;;;
090716;0000;41,1364;;;
090717;0000;37,6666;;;
090718;0000;37,4583;;;
090719;0000;40,625;;;
090720;0000;39,4166;;;
090721;0000;14,375;;;
090722;0000;11,75;;;
090723;0000;34,8571;;;
090724;0000;36,0416;;;
090725;0000;44,7083;;;
090726;0000;43,6666;;;
090727;0000;49;;;
090728;0000;43,9583;;;
090729;0000;36,125;;;
090730;0000;31,8333;;;
090731;0000;27,5417;;;
090801;0000;39,4583;;;
090802;0000;42,625;;;
090803;0000;33,625;;;
090804;0000;20,5833;;;
090805;0000;20,3333;;;
090806;0000;41,875;;;
090807;0000;30,125;;;
090808;0000;40,2916;;;
090809;0000;39,875;;;
090810;0000;35;;;
090811;0000;41,4166;;;
090812;0000;35,25;;;
090813;0000;30,7083;;;
090814;0000;25,2917;;;
090815;0000;6,66666;;;
090816;0000;17,2917;;;
090817;0000;28;;;
090818;0000;10,125;;;
090819;0000;12,7083;;;
090820;0000;28,45;;;
090821;0000;39,0416;;;
090822;0000;33,5833;;;
090823;0000;35,75;;;
090824;0000;52,4166;;;
090825;0000;38,9166;;;
090826;0000;40,5;;;
090827;0000;37,0833;;;
090828;0000;34,4583;;;
090829;0000;38,625;;;
090830;0000;28,2917;;;
090831;0000;26,5833;;;
090901;0000;42,2916;;;
090902;0000;18,6667;;;
090903;0000;26,4583;;;
090904;0000;38,8333;;;
090905;0000;41,7083;;;
090906;0000;7,20833;;;
090907;0000;6,58333;;;
090908;0000;17,5;;;
090909;0000;26,0833;;;
090910;0000;28,1;;;
090911;0000;36,75;;;
090912;0000;37,75;;;
090913;0000;34,5;;;
090914;0000;34,4583;;;
090915;0000;29,875;;;
090916;0000;23,8333;;;
090917;0000;25,4583;;;
090918;0000;47,4583;;;
090919;0000;25,7083;;;
090920;0000;22,625;;;
090921;0000;13,375;;;
090922;0000;;;7,58333;
090923;0000;19,4167;;;
090924;0000;22,6667;;;
090925;0000;20,9167;;;
090926;0000;12,125;;;
090927;0000;8,83333;;;
090928;0000;14,0833;;;
090929;0000;20,125;;;
090930;0000;21,1667;;;
091001;0000;22,5417;;;
091002;0000;27,7917;;;
091003;0000;38,0833;;;
091004;0000;20,2083;;;
091005;0000;11,625;;;
091006;0000;21,25;;;
091007;0000;20,7917;;;
091008;0000;22,25;;;
091009;0000;21,3333;;;
091010;0000;11,2083;;;
091011;0000;10,25;;;
091012;0000;16,125;;;
091013;0000;18,5833;;;
091014;0000;22,5;;;
091015;0000;19,7083;;;
091016;0000;16,6667;;;
091017;0000;16,6667;;;
091018;0000;10,1667;;;
091019;0000;16,4583;;;
091020;0000;19,4167;;;
091021;0000;21,5;;;
091022;0000;28,0417;;;
091023;0000;13,2917;;;
091024;0000;24,2083;;;
091025;0000;23,5;;;
091026;0000;19,2917;;;
091027;0000;27,375;;;
091028;0000;27,75;;;
091029;0000;21,6667;;;
091030;0000;18,875;;;
091031;0000;16,0417;;;
091101;0000;13,1667;;;
091102;0000;8;;;
091103;0000;8,04166;;;
091104;0000;7,91666;;;
091105;0000;13,0417;;;
091106;0000;13,125;;;
091107;0000;12,7083;;;
091108;0000;12,625;;;
091109;0000;11,625;;;
091110;0000;15,625;;;
091111;0000;16,5;;;
091112;0000;16,4167;;;
091113;0000;12,9167;;;
091114;0000;16,4583;;;
091115;0000;16,4583;;;
091116;0000;11;;;
091117;0000;20,8333;;;
091118;0000;25;;;
091119;0000;13,5;;;
091120;0000;24,4167;;;
091121;0000;25,1667;;;
091122;0000;26,8333;;;
091123;0000;15,875;;;
091124;0000;9,16666;;;
091125;0000;16,2083;;;
091126;0000;18,125;;;
091127;0000;19,625;;;
091128;0000;20,7917;;;
091129;0000;20,125;;;
091130;0000;22,5833;;;
091201;0000;22,2083;;;
091202;0000;23,25;;;
091203;0000;21,25;;;
091204;0000;23,2917;;;
091205;0000;24,5417;;;
091206;0000;15,0833;;;
091207;0000;13,625;;;
091208;0000;16,375;;;
091209;0000;18,25;;;
091210;0000;25,8333;;;
091211;0000;21,3333;;;
091212;0000;21,2083;;;
091213;0000;21,0417;;;
091214;0000;22,6667;;;
091215;0000;24,75;;;
091216;0000;24,4583;;;
091217;0000;31,2083;;;
091218;0000;20;;;
091219;0000;17,5;;;
091220;0000;21,6667;;;
091221;0000;17,9583;;;
091222;0000;21,5833;;;
091223;0000;33,375;;;
091224;0000;36,375;;;
091225;0000;14,5833;;;
091226;0000;13,25;;;
091227;0000;23;;;
091228;0000;14,4167;;;
091229;0000;20,7083;;;
091230;0000;17,875;;;
091231;0000;30,75;;;
100101;0000;14,6667;;;
100102;0000;13,2083;;;
100103;0000;15,0833;;;
100104;0000;14,8333;;;
100105;0000;15,05;;;
100106;0000;17,375;;;
100107;0000;24,5417;;;
100108;0000;27,25;;;
100109;0000;28,125;;;
100110;0000;23,4583;;;
100111;0000;13,2083;;;
100112;0000;18,2083;;;
100113;0000;24,9167;;;
100114;0000;32,1666;;;
100115;0000;57,25;;;
100116;0000;36,625;;;
100117;0000;28,0417;;;
100118;0000;17,3333;;;
100119;0000;23,375;;;
100120;0000;25,8333;;;
100121;0000;30,5833;;;
100122;0000;30,4167;;;
100123;0000;31,7083;;;
100124;0000;27,9583;;;
100125;0000;26,0417;;;
100126;0000;22,0833;;;
100127;0000;25,875;;;
100128;0000;28,5417;;;
100129;0000;20,375;;;
100130;0000;19,1667;;;
100131;0000;22,625;;;
100201;0000;;;21,0208;
100202;0000;20,9167;;;
100203;0000;19,7083;;;
100204;0000;20,5417;;;
100205;0000;30,4583;;;
100206;0000;19,75;;;
100207;0000;14,9167;;;
100208;0000;18;;;
100209;0000;29,375;;;
100210;0000;19,9167;;;
100211;0000;20,2083;;;
100212;0000;25;;;
100213;0000;25,3333;;;
100214;0000;17,4583;;;
100215;0000;20,0833;;;
100216;0000;18,7083;;;
100217;0000;14,625;;;
100218;0000;15,4583;;;
100219;0000;17,2083;;;
100220;0000;21,0833;;;
100221;0000;;;15,5;
100222;0000;;;6,75;
100223;0000;20,4167;;;
100224;0000;19,9167;;;
100225;0000;20,9583;;;
100226;0000;22,9167;;;
100227;0000;;;;
100228;0000;;;;
100301;0000;;;;
100302;0000;;;;
100303;0000;13,9091;;;
100304;0000;16,25;;;
100305;0000;24;;;
100306;0000;19,5833;;;
100307;0000;15,5833;;;
100308;0000;12,5833;;;
100309;0000;20,2917;;;
100310;0000;23,125;;;
100311;0000;21,0417;;;
100312;0000;25,25;;;
100313;0000;24,25;;;
100314;0000;25,5;;;
100315;0000;20,3333;;;
100316;0000;20,5;;;
100317;0000;19,1667;;;
100318;0000;22,4167;;;
100319;0000;30,6667;;;
100320;0000;25,3333;;;
100321;0000;16,0833;;;
100322;0000;17,5833;;;
100323;0000;24,1667;;;
100324;0000;27,1667;;;
100325;0000;27,8333;;;
100326;0000;28;;;
100327;0000;29,625;;;
100328;0000;26,7083;;;
100329;0000;31,5833;;;
100330;0000;33,375;;;
100331;0000;34,75;;;
100401;0000;30,25;;;
100402;0000;27;;;
100403;0000;25,3333;;;
100404;0000;23,9583;;;
100405;0000;23,375;;;
100406;0000;27,625;;;
100407;0000;38,8333;;;
100408;0000;32,7916;;;
100409;0000;34,4166;;;
100410;0000;41,2083;;;
100411;0000;33,7083;;;
100412;0000;26,6667;;;
100413;0000;26,7917;;;
100414;0000;27,0833;;;
100415;0000;26,8333;;;
100416;0000;24,7391;;;
100417;0000;20,5833;;;
100418;0000;20,5833;;;
100419;0000;23,5;;;
100420;0000;25,7083;;;
100421;0000;27,1667;;;
100422;0000;29,7083;;;
100423;0000;30,5417;;;
100424;0000;27,5833;;;
100425;0000;32,7083;;;
100426;0000;41,7916;;;
100427;0000;40,3333;;;
100428;0000;40;;;
100429;0000;48,2083;;;
100430;0000;49,1666;;;
100501;0000;48,4166;;;
100502;0000;30,1667;;;
100503;0000;23;;;
100504;0000;22,5833;;;
100505;0000;25,0417;;;
100506;0000;22,0417;;;
100507;0000;38,2916;;;
100508;0000;43,125;;;
100509;0000;32,4583;;;
100510;0000;37,8182;;;
100511;0000;50,8333;;;
100512;0000;51,1666;;;
100513;0000;54,3333;;;
100514;0000;39,8333;;;
100515;0000;17,875;;;
100516;0000;24,9167;;;
100517;0000;25,7368;;;
100518;0000;39,5833;;;
100519;0000;45,5416;;;
100520;0000;49,2916;;;
100521;0000;50,2083;;;
100522;0000;29,625;;;
100523;0000;15,4167;;;
100524;0000;34,5833;;;
100525;0000;60,7083;;;
100526;0000;53,7916;;;
100527;0000;49,0833;;;
100528;0000;30,8333;;;
100529;0000;23,25;;;
100530;0000;29,7917;;;
100531;0000;31;;;
100601;0000;37,9583;;;
100602;0000;44,1666;;;
100603;0000;45,75;;;
100604;0000;48,25;;;
100605;0000;46,5416;;;
100606;0000;37,4166;;;
100607;0000;47,2083;;;
100608;0000;36,25;;;
100609;0000;45,625;;;
100610;0000;40,9166;;;
100611;0000;32,625;;;
100612;0000;41,5416;;;
100613;0000;21,7083;;;
100614;0000;6,875;;;
100615;0000;26,125;;;
100616;0000;39,4583;;;
100617;0000;47,3333;;;
100618;0000;10,875;;;
100619;0000;21,3333;;;
100620;0000;40,75;;;
100621;0000;57;;;
100622;0000;39,8333;;;
100623;0000;28,8333;;;
100624;0000;19,3333;;;
100625;0000;49,9166;;;
100626;0000;44,4166;;;
100627;0000;42,9583;;;
100628;0000;48,625;;;
100629;0000;41,5416;;;
100630;0000;45,1666;;;
100701;0000;32,4166;;;
100702;0000;53;;;
100703;0000;46,2916;;;
100704;0000;18,2083;;;
100705;0000;18,9583;;;
100706;0000;14,1667;;;
100707;0000;25,3333;;;
100708;0000;38,9166;;;
100709;0000;44,5;;;
100710;0000;44;;;
100711;0000;19,375;;;
100712;0000;26,125;;;
100713;0000;40,7916;;;
100714;0000;35,0833;;;
100715;0000;40,5416;;;
100716;0000;43,125;;;
100717;0000;37,0833;;;
100718;0000;36,0416;;;
100719;0000;33,7272;;;
100720;0000;28,5833;;;
100721;0000;29,375;;;
100722;0000;29;;;
100723;0000;29,0833;;;
100724;0000;18,381;;;
100725;0000;28,1667;;;
100726;0000;33,5833;;;
100727;0000;31,4167;;;
100728;0000;34,875;;;
100729;0000;47,2916;;;
100730;0000;48,7916;;;
100731;0000;39,6666;;;
100801;0000;40,2916;;;
100802;0000;34,375;;;
100803;0000;30,6667;;;
100804;0000;44,0416;;;
100805;0000;53,9583;;;
100806;0000;55,125;;;
100807;0000;37,4166;;;
100808;0000;26,8333;;;
100809;0000;28,6667;;;
100810;0000;34,9583;;;
100811;0000;27,9167;;;
100812;0000;33,875;;;
100813;0000;38,125;;;
100814;0000;34,625;;;
100815;0000;21,125;;;
100816;0000;36,3333;;;
100817;0000;28,7917;;;
100818;0000;22,4583;;;
100819;0000;29,5;;;
100820;0000;34,75;;;
100821;0000;33,3333;;;
100822;0000;27,8333;;;
100823;0000;16,125;;;
100824;0000;19,4167;;;
100825;0000;24,0833;;;
100826;0000;18,4167;;;
100827;0000;17,9583;;;
100828;0000;21,8333;;;
100829;0000;24;;;
100830;0000;16;;;
100831;0000;15,5;;;
100901;0000;21,2917;;;
100902;0000;6,95454;;;
100903;0000;14,6667;;;
100904;0000;30,25;;;
100905;0000;31,125;;;
100906;0000;33,4583;;;
100907;0000;34,6666;;;
100908;0000;30,7083;;;
100909;0000;22,4167;;;
100910;0000;23,4167;;;
100911;0000;19,625;;;
100912;0000;11,8;;;
100913;0000;;;;
100914;0000;25,2083;;;
100915;0000;27,2083;;;
100916;0000;24,1667;;;
100917;0000;37,4166;;;
100918;0000;36,3333;;;
100919;0000;21;;;
100920;0000;12;;;
100921;0000;11,5;;;
100922;0000;13,875;;;
100923;0000;15,0417;;;
100924;0000;18,9583;;;
100925;0000;18,9167;;;
100926;0000;14,875;;;
100927;0000;9,125;;;
100928;0000;15;;;
100929;0000;16,375;;;
100930;0000;15,5833;;;
101001;0000;18,9167;;;
101002;0000;26,5;;;
101003;0000;23,4167;;;
101004;0000;19,2105;;;
101005;0000;21,375;;;
101006;0000;14,7917;;;
101007;0000;22,375;;;
101008;0000;20,8333;;;
101009;0000;24,9583;;;
101010;0000;25,7917;;;
101011;0000;22,125;;;
101012;0000;15,0417;;;
101013;0000;13,5833;;;
101014;0000;17,625;;;
101015;0000;18,0417;;;
101016;0000;24,5833;;;
101017;0000;20,875;;;
101018;0000;17,875;;;
101019;0000;15,625;;;
101020;0000;12,375;;;
101021;0000;16,625;;;
101022;0000;15,4583;;;
101023;0000;17,7083;;;
101024;0000;15,8333;;;
101025;0000;15,75;;;
101026;0000;19;;;
101027;0000;12,25;;;
101028;0000;10,25;;;
101029;0000;9,41666;;;
101030;0000;19,5833;;;
101031;0000;20,125;;;
101101;0000;17,3333;;;
101102;0000;17,625;;;
101103;0000;16,6667;;;
101104;0000;19,1667;;;
101105;0000;22,5833;;;
101106;0000;17,0417;;;
101107;0000;4;;;
101108;0000;9,41666;;;
101109;0000;17,25;;;
101110;0000;17,7917;;;
101111;0000;;;29,775;
101112;0000;21,4167;;;
101113;0000;18,4583;;;
101114;0000;15;;;
101115;0000;17,8333;;;
101116;0000;18,875;;;
101117;0000;17,4583;;;
101118;0000;14,875;;;
101119;0000;14,0417;;;
101120;0000;16,6667;;;
101121;0000;11,7917;;;
101122;0000;12,875;;;
101123;0000;19,0833;;;
101124;0000;20,4167;;;
101125;0000;17,875;;;
101126;0000;19,5417;;;
101127;0000;17,5417;;;
101128;0000;17,2917;;;
101129;0000;17,3333;;;
101130;0000;18,25;;;
101201;0000;13,75;;;
101202;0000;13,3333;;;
101203;0000;12,7917;;;
101204;0000;19,875;;;
101205;0000;18,4583;;;
101206;0000;17,75;;;
101207;0000;16,25;;;
101208;0000;12,9167;;;
101209;0000;11,625;;;
101210;0000;9,91666;;;
101211;0000;7,79166;;;
101212;0000;9;;;
101213;0000;24,625;;;
101214;0000;36,3333;;;
101215;0000;24,375;;;
101216;0000;19;;;
101217;0000;13,7083;;;
101218;0000;12,7917;;;
101219;0000;16,125;;;
101220;0000;19,3333;;;
101221;0000;25,25;;;
101222;0000;24,5;;;
101223;0000;16,75;;;
101224;0000;19,8333;;;
101225;0000;20,25;;;
101226;0000;16,8333;;;
101227;0000;15,2917;;;
101228;0000;17,2917;;;
101229;0000;33,125;;;
101230;0000;32,5416;;;
101231;0000;27,4583;;;
110101;0000;20;;;
110102;0000;11,3333;;;
110103;0000;11,4583;;;
110104;0000;9,75;;;
110105;0000;15,7917;;;
110106;0000;23,1667;;;
110107;0000;19,9167;;;
110108;0000;18,75;;;
110109;0000;21,2917;;;
110110;0000;19,875;;;
110111;0000;24,375;;;
110112;0000;25,0417;;;
110113;0000;18,9583;;;
110114;0000;16,9167;;;
110115;0000;15,3333;;;
110116;0000;13,3333;;;
110117;0000;20,7917;;;
110118;0000;31,5417;;;
110119;0000;30,4167;;;
110120;0000;23,1364;;;
110121;0000;22,75;;;
110122;0000;21,0833;;;
110123;0000;19,4583;;;
110124;0000;16,2083;;;
110125;0000;18,7083;;;
110126;0000;19,5;;;
110127;0000;19,5;;;
110128;0000;18,8333;;;
110129;0000;19,8333;;;
110130;0000;19,75;;;
110131;0000;16,0833;;;
110201;0000;16,9583;;;
110202;0000;22,875;;;
110203;0000;18,375;;;
110204;0000;24,375;;;
110205;0000;31,6667;;;
110206;0000;27,4167;;;
110207;0000;23,7083;;;
110208;0000;21,5833;;;
110209;0000;18,9167;;;
110210;0000;14,9167;;;
110211;0000;12;;;
110212;0000;14,0833;;;
110213;0000;17,625;;;
110214;0000;27,5;;;
110215;0000;30,0833;;;
110216;0000;20,625;;;
110217;0000;17,75;;;
110218;0000;20,0833;;;
110219;0000;18,5;;;
110220;0000;18,9583;;;
110221;0000;17,4583;;;
110222;0000;17,9167;;;
110223;0000;19,0417;;;
110224;0000;21,6667;;;
110225;0000;22,7917;;;
110226;0000;21,2083;;;
110227;0000;21,3333;;;
110228;0000;31,9583;;;
110301;0000;30,375;;;
110302;0000;21,2917;;;
110303;0000;19,5417;;;
110304;0000;21,8333;;;
110305;0000;22,625;;;
110306;0000;18,5833;;;
110307;0000;23,9167;;;
110308;0000;25,0417;;;
110309;0000;22,0417;;;
110310;0000;21,5417;;;
110311;0000;;;15,2778;
110312;0000;10;;;
110313;0000;17,0417;;;
110314;0000;;;12,7917;
110315;0000;17,9167;;;
110316;0000;23,375;;;
110317;0000;18,625;;;
110318;0000;27;;;
110319;0000;30,875;;;
110320;0000;26,2083;;;
110321;0000;26,375;;;
110322;0000;16,9167;;;
110323;0000;22,2083;;;
110324;0000;24,9167;;;
110325;0000;21,6667;;;
110326;0000;21,3333;;;
110327;0000;18,7917;;;
110328;0000;24,5417;;;
110329;0000;28,2917;;;
110330;0000;30,625;;;
110331;0000;30,5;;;
110401;0000;28,1667;;;
110402;0000;30,125;;;
110403;0000;27,5833;;;
110404;0000;23,2083;;;
110405;0000;29,3333;;;
110406;0000;35,2083;;;
110407;0000;40,25;;;
110408;0000;39,875;;;
110409;0000;40,875;;;
110410;0000;14,4583;;;
110411;0000;17,4583;;;
110412;0000;20,4167;;;
110413;0000;15,875;;;
110414;0000;19,625;;;
110415;0000;23,125;;;
110416;0000;23,7917;;;
110417;0000;20,9167;;;
110418;0000;25,875;;;
110419;0000;28,7083;;;
110420;0000;36,1666;;;
110421;0000;32,6666;;;
110422;0000;17,8333;;;
110423;0000;24,0417;;;
110424;0000;24,7917;;;
110425;0000;29,4583;;;
110426;0000;35,875;;;
110427;0000;41,9166;;;
110428;0000;28,0417;;;
110429;0000;29,75;;;
110430;0000;43,75;;;
110501;0000;38,9583;;;
110502;0000;36,4166;;;
110503;0000;35,875;;;
110504;0000;43,3333;;;
110505;0000;37,8333;;;
110506;0000;39,8636;;;
110507;0000;51,875;;;
110508;0000;44,9583;;;
110509;0000;40,6666;;;
110510;0000;46,4583;;;
110511;0000;54,875;;;
110512;0000;41,9583;;;
110513;0000;46,0833;;;
110514;0000;55,5;;;
110515;0000;47,5416;;;
110516;0000;40,625;;;
110517;0000;41;;;
110518;0000;48,6666;;;
110519;0000;37,6666;;;
110520;0000;46,7083;;;
110521;0000;33,5;;;
110522;0000;23,4583;;;
110523;0000;26,875;;;
110524;0000;34,7916;;;
110525;0000;36,25;;;
110526;0000;46,2083;;;
110527;0000;57,8333;;;
110528;0000;67,875;;;
110529;0000;44,875;;;
110530;0000;47,5;;;
110531;0000;46,5;;;
110601;0000;52,625;;;
110602;0000;43,7916;;;
110603;0000;46,5;;;
110604;0000;40,7916;;;
110605;0000;28,5833;;;
110606;0000;18,8182;;;
110607;0000;45,7916;;;
110608;0000;28,8333;;;
110609;0000;33,5416;;;
110610;0000;37,8333;;;
110611;0000;37,25;;;
110612;0000;37,4166;;;
110613;0000;33,2916;;;
110614;0000;32,9583;;;
110615;0000;63,375;;;
110616;0000;56,625;;;
110617;0000;37,5833;;;
110618;0000;23,9167;;;
110619;0000;15,5;;;
110620;0000;15,5833;;;
110621;0000;26,625;;;
110622;0000;38,2083;;;
110623;0000;45,4583;;;
110624;0000;47;;;
110625;0000;57;;;
110626;0000;39,125;;;
110627;0000;41,7916;;;
110628;0000;45,8333;;;
110629;0000;50,7916;;;
110630;0000;21,4583;;;
110701;0000;25,375;;;
110702;0000;44,0833;;;
110703;0000;46,25;;;
110704;0000;45,125;;;
110705;0000;35,8333;;;
110706;0000;52,5833;;;
110707;0000;40,2083;;;
110708;0000;50,25;;;
110709;0000;47,25;;;
110710;0000;41,5833;;;
110711;0000;26,6667;;;
110712;0000;30,4583;;;
110713;0000;25,9565;;;
110714;0000;21,7917;;;
110715;0000;15,75;;;
110716;0000;15,9583;;;
110717;0000;19,2083;;;
110718;0000;16,0417;;;
110719;0000;32,8333;;;
110720;0000;43,2916;;;
110721;0000;41;;;
110722;0000;41,1666;;;
110723;0000;38,7916;;;
110724;0000;45,2083;;;
110725;0000;17,1667;;;
110726;0000;28,6667;;;
110727;0000;51,3333;;;
110728;0000;31,5417;;;
110729;0000;12,3333;;;
110730;0000;12,1667;;;
110731;0000;20,9167;;;
110801;0000;23,4211;;;
110802;0000;17,75;;;
110803;0000;28,4167;;;
110804;0000;43,5416;;;
110805;0000;73,5;;;
110806;0000;61,8333;;;
110807;0000;34,9166;;;
110808;0000;23,2917;;;
110809;0000;25,125;;;
110810;0000;23,2917;;;
110811;0000;21,6667;;;
110812;0000;16,4167;;;
110813;0000;20,0417;;;
110814;0000;23,875;;;
110815;0000;15,5;;;
110816;0000;7,83333;;;
110817;0000;30,0417;;;
110818;0000;18;;;
110819;0000;28,2083;;;
110820;0000;;;13;
110821;0000;;;14,875;
110822;0000;32,2916;;;
110823;0000;32,6666;;;
110824;0000;24,2857;;;
110825;0000;;;;
110826;0000;43,7916;;;
110827;0000;14,6667;;;
110828;0000;13,875;;;
110829;0000;19,25;;;
110830;0000;22,75;;;
110831;0000;24,2917;;;
110901;0000;20,2917;;;
110902;0000;24,5833;;;
110903;0000;9,41666;;;
110904;0000;7,45833;;;
110905;0000;17,3333;;;
110906;0000;21,3333;;;
110907;0000;23,7917;;;
110908;0000;22,625;;;
110909;0000;22,9167;;;
110910;0000;25,8333;;;
110911;0000;21,3478;;;
110912;0000;29,2778;;;
110913;0000;29;;;
110914;0000;31,125;;;
110915;0000;32,6666;;;
110916;0000;22,875;;;
110917;0000;44,4166;;;
110918;0000;31,9167;;;
110919;0000;26,2917;;;
110920;0000;26,9167;;;
110921;0000;25,6667;;;
110922;0000;13,7917;;;
110923;0000;26,75;;;
110924;0000;29,15;;;
110925;0000;26,6667;;;
110926;0000;26,0833;;;
110927;0000;22,4583;;;
110928;0000;15,5;;;
110929;0000;17,5833;;;
110930;0000;21,0417;;;
111001;0000;18,5417;;;
111002;0000;19,7917;;;
111003;0000;20,0417;;;
111004;0000;21,1667;;;
111005;0000;23,4583;;;
111006;0000;15,0833;;;
111007;0000;7,25;;;
111008;0000;11,9167;;;
111009;0000;15,875;;;
111010;0000;16,5;;;
111011;0000;11,3333;;;
111012;0000;7,95833;;;
111013;0000;10,4583;;;
111014;0000;11,875;;;
111015;0000;17,5417;;;
111016;0000;21,5417;;;
111017;0000;19,5833;;;
111018;0000;20,2917;;;
111019;0000;20,4167;;;
111020;0000;21,9583;;;
111021;0000;20,4167;;;
111022;0000;20,1667;;;
111023;0000;20,7917;;;
111024;0000;23,1667;;;
111025;0000;20,1667;;;
111026;0000;19,7083;;;
111027;0000;21,5;;;
111028;0000;20,8333;;;
111029;0000;23,125;;;
111030;0000;23,5417;;;
111031;0000;31,1667;;;
111101;0000;39,2916;;;
111102;0000;27,5833;;;
111103;0000;22,2083;;;
111104;0000;18,6667;;;
111105;0000;25,75;;;
111106;0000;22,0417;;;
111107;0000;15,5;;;
111108;0000;12,7917;;;
111109;0000;11,5;;;
111110;0000;;;10,875;
111111;0000;17,5;;;
111112;0000;17,3333;;;
111113;0000;16,3333;;;
111114;0000;16,1667;;;
111115;0000;20,25;;;
111116;0000;27,5833;;;
111117;0000;19,5;;;
111118;0000;15,7917;;;
111119;0000;10,9583;;;
111120;0000;9,875;;;
111121;0000;13,4583;;;
111122;0000;16,0417;;;
111123;0000;11,1667;;;
111124;0000;13,4583;;;
111125;0000;17,9167;;;
111126;0000;18,2917;;;
111127;0000;14,8333;;;
111128;0000;17,5;;;
111129;0000;18,7917;;;
111130;0000;24,9583;;;
111201;0000;25,25;;;
111202;0000;22,75;;;
111203;0000;23;;;
111204;0000;22,25;;;
111205;0000;18,3333;;;
111206;0000;16,875;;;
111207;0000;22,875;;;
111208;0000;26,8333;;;
111209;0000;25,2083;;;
111210;0000;20,375;;;
111211;0000;14,375;;;
111212;0000;15,6667;;;
111213;0000;18,9167;;;
111214;0000;20,5417;;;
111215;0000;19,3333;;;
111216;0000;22,375;;;
111217;0000;21,8333;;;
111218;0000;16,2917;;;
111219;0000;10,9583;;;
111220;0000;15,5;;;
111221;0000;12,75;;;
111222;0000;17,6667;;;
111223;0000;18,3333;;;
111224;0000;26,2083;;;
111225;0000;24,1667;;;
111226;0000;24;;;
111227;0000;35;;;
111228;0000;38,1666;;;
111229;0000;41,5;;;
111230;0000;30,9167;;;
111231;0000;35,3333;;;
120101;0000;28,5;;;
120102;0000;23,25;;;
120103;0000;24,2708;;;
120104;0000;25,2917;;;
120105;0000;25,0417;;;
120106;0000;22,9583;;;
120107;0000;17,1458;;;
120108;0000;11,5208;;;
120109;0000;9,72916;;;
120110;0000;10,8125;;;
120111;0000;16,6458;;;
120112;0000;22,75;;;
120113;0000;21,8636;;;
120114;0000;20,9583;;;
120115;0000;18,2917;;;
120116;0000;15,5625;;;
120117;0000;13,9167;;;
120118;0000;18,9792;;;
120119;0000;24,2292;;;
120120;0000;20,875;;;
120121;0000;16,1458;;;
120122;0000;11;;;
120123;0000;8,58333;;;
120124;0000;13,9583;;;
120125;0000;17,9792;;;
120126;0000;16,75;;;
120127;0000;19,7083;;;
120128;0000;17,1875;;;
120129;0000;14,5208;;;
120130;0000;15,8542;;;
120131;0000;12,5208;;;
120201;0000;15,6458;;;
120202;0000;19,4792;;;
120203;0000;25,5417;;;
120204;0000;40,625;;;
120205;0000;26,375;;;
120206;0000;20,2917;;;
120207;0000;35,875;;;
120208;0000;63,3958;;;
120209;0000;33,1458;;;
120210;0000;28,5833;;;
120211;0000;34,6875;;;
120212;0000;28,2292;;;
120213;0000;21,4375;;;
120214;0000;19,3125;;;
120215;0000;13,9167;;;
120216;0000;16,2708;;;
120217;0000;18,3958;;;
120218;0000;16,1458;;;
120219;0000;19,5833;;;
120220;0000;19,7083;;;
120221;0000;27,125;;;
120222;0000;36,5;;;
120223;0000;25,625;;;
120224;0000;20,3333;;;
120225;0000;19,75;;;
120226;0000;21,6458;;;
120227;0000;22,875;;;
120228;0000;14,9375;;;
120229;0000;12,7917;;;
120301;0000;28,2917;;;
120302;0000;22,9167;;;
120303;0000;17,9792;;;
120304;0000;15,2292;;;
120305;0000;12,2292;;;
120306;0000;16,5417;;;
120307;0000;24,0208;;;
120308;0000;25,5;;;
120309;0000;37,3125;;;
120310;0000;31,3125;;;
120311;0000;23,6458;;;
120312;0000;18,5;;;
120313;0000;18,6389;;;
120314;0000;24,9722;;;
120315;0000;;;;
120316;0000;28,6667;;;
120317;0000;19,8333;;;
120318;0000;14,1667;;;
120319;0000;12,6458;;;
120320;0000;15,0625;;;
120321;0000;17,625;;;
120322;0000;22,625;;;
120323;0000;28,625;;;
120324;0000;33,6041;;;
120325;0000;26,75;;;
120326;0000;23,8542;;;
120327;0000;24,6667;;;
120328;0000;31,375;;;
120329;0000;32,1956;;;
120330;0000;;;;
120331;0000;36,0416;;;
120401;0000;27;;;
120402;0000;24,8958;;;
120403;0000;28,625;;;
120404;0000;31,9583;;;
120405;0000;31,7292;;;
120406;0000;20,5208;;;
120407;0000;15,9583;;;
120408;0000;21,9583;;;
120409;0000;19,4792;;;
120410;0000;23,2292;;;
120411;0000;31,6458;;;
120412;0000;28;;;
120413;0000;24,9583;;;
120414;0000;30,6667;;;
120415;0000;24,5625;;;
120416;0000;23,4375;;;
120417;0000;25,6458;;;
120418;0000;26,9583;;;
120419;0000;32,4166;;;
120420;0000;36,1666;;;
120421;0000;43,1041;;;
120422;0000;34,25;;;
120423;0000;26,1875;;;
120424;0000;24,4375;;;
120425;0000;29,7292;;;
120426;0000;32,0208;;;
120427;0000;20,2083;;;
120428;0000;32,75;;;
120429;0000;27,2083;;;
120430;0000;28,6875;;;
120501;0000;30,8333;;;
120502;0000;41,625;;;
120503;0000;40,7916;;;
120504;0000;44,4375;;;
120505;0000;33,1578;;;
120506;0000;29,4167;;;
120507;0000;22,8333;;;
120508;0000;29,7083;;;
120509;0000;33,5;;;
120510;0000;34,3125;;;
120511;0000;47,3958;;;
120512;0000;61,2291;;;
120513;0000;39,3541;;;
120514;0000;40,625;;;
120515;0000;36,5833;;;
120516;0000;25,5417;;;
120517;0000;28,9792;;;
120518;0000;33,125;;;
120519;0000;41,0625;;;
120520;0000;45,125;;;
120521;0000;41,7083;;;
120522;0000;;;15,6667;
120523;0000;;;16,5417;
120524;0000;45,1041;;;
120525;0000;41,5416;;;
120526;0000;12,2083;;;
120527;0000;21,7917;;;
120528;0000;31,1667;;;
120529;0000;33,4583;;;
120530;0000;51,5;;;
120531;0000;57,2083;;;
120601;0000;46,9583;;;
120602;0000;35,375;;;
120603;0000;35,0625;;;
120604;0000;29,6042;;;
120605;0000;40,0833;;;
120606;0000;41,5625;;;
120607;0000;34,0416;;;
120608;0000;35,2291;;;
120609;0000;51,875;;;
120610;0000;63,1041;;;
120611;0000;49,1875;;;
120612;0000;11,9167;;;
120613;0000;17,8958;;;
120614;0000;41,2173;;;
120615;0000;22,8542;;;
120616;0000;17,8542;;;
120617;0000;14,4167;;;
120618;0000;19,7083;;;
120619;0000;24,6667;;;
120620;0000;17,9375;;;
120621;0000;27,3542;;;
120622;0000;35,5625;;;
120623;0000;45,0625;;;
120624;0000;36;;;
120625;0000;35,1666;;;
120626;0000;28,3333;;;
120627;0000;31,0208;;;
120628;0000;39,4375;;;
120629;0000;26,8958;;;
120630;0000;33,9166;;;
120701;0000;7,875;;;
120702;0000;8,47916;;;
120703;0000;26,7917;;;
120704;0000;28,2917;;;
120705;0000;40,5416;;;
120706;0000;57,7291;;;
120707;0000;48,5416;;;
120708;0000;43,3333;;;
120709;0000;35,1875;;;
120710;0000;59,2916;;;
120711;0000;43,2708;;;
120712;0000;40,3125;;;
120713;0000;48,4348;;;
120714;0000;28,2917;;;
120715;0000;45,0208;;;
120716;0000;33,2916;;;
120717;0000;28,5;;;
120718;0000;33,3125;;;
120719;0000;43,7826;;;
120720;0000;39,0416;;;
120721;0000;51,9583;;;
120722;0000;42,25;;;
120723;0000;30,2045;;;
120724;0000;28,0208;;;
120725;0000;29,7083;;;
120726;0000;48,4791;;;
120727;0000;48;;;
120728;0000;45,4791;;;
120729;0000;40,875;;;
120730;0000;36,8125;;;
120731;0000;47,1041;;;
120801;0000;34,4583;;;
120802;0000;19,5417;;;
120803;0000;20,25;;;
120804;0000;35,0625;;;
120805;0000;26,9167;;;
120806;0000;20,875;;;
120807;0000;24,7708;;;
120808;0000;32,7708;;;
120809;0000;48,2045;;;
120810;0000;51,5625;;;
120811;0000;44,75;;;
120812;0000;41,7083;;;
120813;0000;52,125;;;
120814;0000;52,125;;;
120815;0000;22,3542;;;
120816;0000;16,0833;;;
120817;0000;24,4375;;;
120818;0000;27,3125;;;
120819;0000;41,5416;;;
120820;0000;29,3958;;;
120821;0000;25,0625;;;
120822;0000;12,25;;;
120823;0000;14,9583;;;
120824;0000;26,4583;;;
120825;0000;32,3333;;;
120826;0000;33,5416;;;
120827;0000;36,4782;;;
120828;0000;43,1458;;;
120829;0000;40,125;;;
120830;0000;33,7916;;;
120831;0000;34,3541;;;
120901;0000;;;;
120902;0000;24,0833;;;
120903;0000;23,4318;;;
120904;0000;14,3125;;;
120905;0000;24,6042;;;
120906;0000;14,5833;;;
120907;0000;21,5227;;;
120908;0000;23,2083;;;
120909;0000;27,3333;;;
120910;0000;25,1667;;;
120911;0000;31,1667;;;
120912;0000;;;;
120913;0000;33,9375;;;
120914;0000;29,5833;;;
120915;0000;24,0833;;;
120916;0000;21,375;;;
120917;0000;15,0208;;;
120918;0000;15,0208;;;
120919;0000;18,2083;;;
120920;0000;12,0833;;;
120921;0000;19,0833;;;
120922;0000;19,2083;;;
120923;0000;17,5833;;;
120924;0000;22,8542;;;
120925;0000;24,3958;;;
120926;0000;24,1875;;;
120927;0000;11,1667;;;
120928;0000;20,0833;;;
120929;0000;24,2292;;;
120930;0000;12,4583;;;
121001;0000;16,5208;;;
121002;0000;16,9375;;;
121003;0000;17,4375;;;
121004;0000;15,125;;;
121005;0000;27,7917;;;
121006;0000;20,5;;;
121007;0000;11,9583;;;
121008;0000;7,45833;;;
121009;0000;17,2292;;;
121010;0000;25,25;;;
121011;0000;24,7917;;;
121012;0000;20,9792;;;
121013;0000;18,5625;;;
121014;0000;11,9792;;;
121015;0000;11,7083;;;
121016;0000;17,5833;;;
121017;0000;19,8182;;;
121018;0000;20,1042;;;
121019;0000;17,1458;;;
121020;0000;27,125;;;
121021;0000;11,9375;;;
121022;0000;7,58333;;;
121023;0000;;;;
121024;0000;10,0625;;;
121025;0000;13,7917;;;
121026;0000;15,3333;;;
121027;0000;17,3542;;;
121028;0000;17,2917;;;
121029;0000;15,8958;;;
121030;0000;16,2708;;;
121031;0000;17;;;
121101;0000;19,3333;;;
121102;0000;16,4792;;;
121103;0000;15,1875;;;
121104;0000;17,1458;;;
121105;0000;17,8542;;;
121106;0000;19,5417;;;
121107;0000;19,3542;;;
121108;0000;17,0208;;;
121109;0000;10;;;
121110;0000;13,5;;;
121111;0000;16,2917;;;
121112;0000;17,3125;;;
121113;0000;20,3125;;;
121114;0000;19,5625;;;
121115;0000;20,9792;;;
121116;0000;12,125;;;
121117;0000;15,8125;;;
121118;0000;17,0833;;;
121119;0000;15,8125;;;
121120;0000;19,4167;;;
121121;0000;16,5625;;;
121122;0000;12,875;;;
121123;0000;15,3333;;;
121124;0000;17,8125;;;
121125;0000;16,625;;;
121126;0000;17,6667;;;
121127;0000;16,1458;;;
121128;0000;15,9583;;;
121129;0000;10,5833;;;
121130;0000;18,5417;;;
121201;0000;22,5833;;;
121202;0000;16,7708;;;
121203;0000;9,5;;;
121204;0000;12,5625;;;
121205;0000;9,97916;;;
121206;0000;10,4167;;;
121207;0000;15,2083;;;
121208;0000;21,7292;;;
121209;0000;19;;;
121210;0000;11,7917;;;
121211;0000;16,3125;;;
121212;0000;12,9583;;;
121213;0000;13,3125;;;
121214;0000;19,5833;;;
121215;0000;16,2708;;;
121216;0000;14,0417;;;
121217;0000;16,5417;;;
121218;0000;11,4583;;;
121219;0000;6,72916;;;
121220;0000;11,0417;;;
121221;0000;17,8333;;;
121222;0000;19,4583;;;
121223;0000;13,6042;;;
121224;0000;8,97916;;;
121225;0000;5,625;;;
121226;0000;15,75;;;
121227;0000;24,1042;;;
121228;0000;20,1667;;;
121229;0000;21,1459;;;
121230;0000;20,5417;;;
121231;0000;21,6957;;;
130101;0000;;;29,75;
130102;0000;;;15,1667;
130103;0000;;;19,6458;
130104;0000;;;18,2083;
130105;0000;;;13,0208;
130106;0000;;;15,25;
130107;0000;;;10,1591;
130108;0000;;;14,8542;
130109;0000;;;23,375;
130110;0000;;;26,2292;
130111;0000;;;24,9167;
130112;0000;;;22,9167;
130113;0000;;;17,5208;
130114;0000;;;14,8333;
130115;0000;;;17,5833;
130116;0000;;;20,7917;
130117;0000;;;22,1042;
130118;0000;;;21,375;
130119;0000;;;23,6458;
130120;0000;;;18,9792;
130121;0000;;;20,0625;
130122;0000;;;19,5;
130123;0000;;;26,5;
130124;0000;;;24,5625;
130125;0000;;;20,1364;
130126;0000;;;20,7391;
130127;0000;;;19,7708;
130128;0000;;;13,3958;
130129;0000;;;14,3958;
130130;0000;;;16,5208;
130131;0000;;;20,0625;
130201;0000;;;22,875;
130202;0000;;;24,125;
130203;0000;;;18,0833;
130204;0000;;;18,6667;
130205;0000;;;23,0625;
130206;0000;;;20,8958;
130207;0000;;;18,6875;
130208;0000;;;15,6458;
130209;0000;;;10,4583;
130210;0000;;;9,33333;
130211;0000;;;11,7083;
130212;0000;;;12,0625;
130213;0000;;;16,0833;
130214;0000;;;20,25;
130215;0000;;;16,2708;
130216;0000;;;12,2708;
130217;0000;;;8,8125;
130218;0000;;;11,0833;
130219;0000;;;15,3333;
130220;0000;;;18,6667;
130221;0000;;;20,7083;
130222;0000;;;27,5833;
130223;0000;;;20,3542;
130224;0000;;;14,1458;
130225;0000;;;17,7917;
130226;0000;;;19,5;
130227;0000;;;21,1875;
130228;0000;;;19,0417;
130301;0000;;;13,2083;
130302;0000;;;20,0208;
130303;0000;;;19,75;
130304;0000;;;22,1667;
130305;0000;;;24,6875;
130306;0000;;;16,1458;
130307;0000;;;24,0833;
130308;0000;;;30,3125;
130309;0000;;;27,5;
130310;0000;;;19;
130311;0000;;;15,8958;
130312;0000;;;16,375;
130313;0000;;;;
130314;0000;;;19,6458;
130315;0000;;;32,3958;
130316;0000;;;33,1666;
130317;0000;;;26,4375;
130318;0000;;;26,5417;
130319;0000;;;30,0625;
130320;0000;;;22,7917;
130321;0000;;;23,875;
130322;0000;;;28,2917;
130323;0000;;;29,4583;
130324;0000;;;23,7083;
130325;0000;;;20;
130326;0000;;;25,8958;
130327;0000;;;33,4375;
130328;0000;;;37,3333;
130329;0000;;;32,6458;
130330;0000;;;28,625;
130331;0000;;;23,2292;
130401;0000;;;16,8125;
130402;0000;;;17,2292;
130403;0000;;;24,8542;
130404;0000;;;33,5208;
130405;0000;;;33,125;
130406;0000;;;31,1875;
130407;0000;;;25,0625;
130408;0000;;;22,5625;
130409;0000;;;29,8958;
130410;0000;;;25,3333;
130411;0000;;;26,7292;
130412;0000;;;32,125;
130413;0000;;;41,25;
130414;0000;;;31,0208;
130415;0000;;;34,2083;
130416;0000;;;42,4791;
130417;0000;;;43,2916;
130418;0000;;;42,8333;
130419;0000;;;36,8541;
130420;0000;;;24,2708;
130421;0000;;;22,4792;
130422;0000;;;21,8333;
130423;0000;;;;
130424;0000;;;;
130425;0000;;;;
130426;0000;;;30,4167;
130427;0000;;;34,5208;
130428;0000;;;26,2083;
130429;0000;;;31,7083;
130430;0000;;;31,1458;
130501;0000;;;28,375;
130502;0000;;;25,1458;
130503;0000;;;13,1522;
130504;0000;;;27,25;
130505;0000;;;22,9091;
130506;0000;;;24,0625;
130507;0000;;;28,6875;
130508;0000;;;36,7083;
130509;0000;;;32,3125;
130510;0000;;;25,25;
130511;0000;;;32,7708;
130512;0000;;;41,6666;
130513;0000;;;40,1458;
130514;0000;;;29,125;
130515;0000;;;37,6041;
130516;0000;;;36,8958;
130517;0000;;;62,4348;
130518;0000;;;;
130519;0000;;;21,875;
130520;0000;;;27,7917;
130521;0000;;;35,8958;
130522;0000;;;37,0208;
130523;0000;;;40,3541;
130524;0000;;;45,6666;
130525;0000;;;36,2916;
130526;0000;;;42,3333;
130527;0000;;;20,2292;
130528;0000;;;7,5;
130529;0000;;;;
130530;0000;;;;
130531;0000;;;23,3958;
130601;0000;;;34,6458;
130602;0000;;;29,3542;
130603;0000;;;33,3958;
130604;0000;;;36,3541;
130605;0000;;;36,9375;
130606;0000;;;38,7954;
130607;0000;;;53,4583;
130608;0000;;;57,6041;
130609;0000;;;51,7083;
130610;0000;;;39,5416;
130611;0000;;;51,9791;
130612;0000;;;41,9583;
130613;0000;;;48,2708;
130614;0000;;;53,1458;
130615;0000;;;54,6458;
130616;0000;;;38,5625;
130617;0000;;;31,2083;
130618;0000;;;49,0833;
130619;0000;;;54,1086;
130620;0000;;;54,0217;
130621;0000;;;52,2083;
130622;0000;;;33,7708;
130623;0000;;;26,2708;
130624;0000;;;31,2708;
130625;0000;;78,0833;;
130626;0000;;88,3333;;
130627;0000;;22,9583;;
130628;0000;;27,4091;;
130629;0000;;52,75;;
130630;0000;;58,7142;;
130701;0000;;58,1818;;
130702;0000;;47,75;;
130703;0000;;69,739;;
130704;0000;;56,25;;
130705;0000;;57,3333;;
130706;0000;;80,3043;;
130707;0000;;82,9583;;
130708;0000;;82,6666;;
130709;0000;;78,9473;;
130710;0000;;54,7916;;
130711;0000;;44,4091;;
130712;0000;;59,9565;;
130713;0000;;;42,4166;
130714;0000;;72,1304;;
130715;0000;;66,5714;;
130716;0000;;62,6818;;
130717;0000;;62,6842;;
130718;0000;;52,3478;;
130719;0000;;41,5;;
130720;0000;;37,2272;;
130721;0000;;28;;
130722;0000;;46,4761;;
130723;0000;;51,3043;;
130724;0000;;68,7777;;
130725;0000;;62,2857;;
130726;0000;;59,5909;;
130727;0000;;60,5;;
130728;0000;;88,619;;
130729;0000;;53,4166;;
130730;0000;;32,5416;;
130731;0000;;46,0416;;
130801;0000;;;24,4773;
130802;0000;;;27,2917;
130803;0000;;;30,8958;
130804;0000;;;35,7083;
130805;0000;;;33,1458;
130806;0000;;;52,75;
130807;0000;;;8,66666;
130808;0000;;;13,2917;
130809;0000;;;31,5833;
130810;0000;;;35,8541;
130811;0000;;;59,7708;
130812;0000;;;25,4792;
130813;0000;;;23,8333;
130814;0000;;;29,4583;
130815;0000;;;26,1956;
130816;0000;;;28,25;
130817;0000;;;35;
130818;0000;;;29,9375;
130819;0000;;;41,5208;
130820;0000;;;35,9091;
130821;0000;;48,0416;;
130822;0000;;41,0833;;
130823;0000;;43,25;;
130824;0000;;48,9583;;
130825;0000;;68,5416;;
130826;0000;;61,5833;;
130827;0000;;49,5416;;
130828;0000;;38,4583;;
130829;0000;;43,875;;
130830;0000;;54,25;;
130831;0000;;57,1666;;
130901;0000;;;;
130902;0000;;62,4583;;
130903;0000;;43,8333;;
130904;0000;;27,2083;;
130905;0000;;31,5417;;
130906;0000;;49,1666;;
130907;0000;;40,9583;;
130908;0000;;52,875;;
130909;0000;;33,3333;;
130910;0000;;27,6667;;
130911;0000;;16,7083;;
130912;0000;;16,375;;
130913;0000;;31,5833;;
130914;0000;;29,7083;;
130915;0000;;10,3333;;
130916;0000;;12,875;;
130917;0000;;25;;
130918;0000;;40,1666;;
130919;0000;;35,2083;;
130920;0000;;23,6667;;
130921;0000;;;;
130922;0000;;;;
130923;0000;;20,9167;;
130924;0000;;17,7917;;
130925;0000;;24,5833;;
130926;0000;;31,0417;;
130927;0000;;35,6666;;
130928;0000;;22,375;;
130929;0000;;23,2083;;
130930;0000;;17,5833;;
131001;0000;;22,4167;;
131002;0000;;19,1667;;
131003;0000;;18,25;;
131004;0000;;22,125;;
131005;0000;;22,4583;;
131006;0000;;22,9583;;
131007;0000;;23,9583;;
131008;0000;;25,0417;;
131009;0000;;22,625;;
131010;0000;;19,625;;
131011;0000;;21,5;;
131012;0000;;19,8333;;
131013;0000;;20,8333;;
131014;0000;;19,6667;;
131015;0000;;19,625;;
131016;0000;;20,1667;;
131017;0000;;20,375;;
131018;0000;;26,6667;;
131019;0000;;26,6667;;
131020;0000;;10,625;;
131021;0000;;11,875;;
131022;0000;;14,0833;;
131023;0000;;14,2083;;
131024;0000;21,4167;;;
131025;0000;20,0834;;;
131026;0000;25,05;;;
131027;0000;;;;
131028;0000;17,75;;;
131029;0000;16,2084;;;
131030;0000;20,7917;;;
131031;0000;16;;;
131101;0000;17,2917;;;
131102;0000;14,2917;;;
131103;0000;15,7917;;;
131104;0000;15,125;;;
131105;0000;17,3333;;;
131106;0000;15,1667;;;
131107;0000;12,2917;;;
131108;0000;12,8333;;;
131109;0000;10,4583;;;
131110;0000;8,79167;;;
131111;0000;13,0833;;;
131112;0000;18,25;;;
131113;0000;12,3333;;;
131114;0000;7,37501;;;
131115;0000;16,375;;;
131116;0000;19,3333;;;
131117;0000;23,4583;;;
131118;0000;24,1667;;;
131119;0000;21,3044;;;
131120;0000;19,75;;;
131121;0000;19,25;;;
131122;0000;23,0417;;;
131123;0000;21,2083;;;
131124;0000;24,75;;;
131125;0000;14,3333;;;
131126;0000;11;;;
131127;0000;14,8333;;;
131128;0000;10,4583;;;
131129;0000;14,3333;;;
131130;0000;17,2917;;;
131201;0000;16,4167;;;
131202;0000;13,4167;;;
131203;0000;17,8333;;;
131204;0000;25,5;;;
131205;0000;22,5;;;
131206;0000;21,2083;;;
131207;0000;17,9583;;;
131208;0000;10,1667;;;
131209;0000;9,91667;;;
131210;0000;26,375;;;
131211;0000;21,4167;;;
131212;0000;18,3333;;;
131213;0000;20,0417;;;
131214;0000;21,4583;;;
131215;0000;20,9583;;;
131216;0000;20,4167;;;
131217;0000;23,7917;;;
131218;0000;24,5417;;;
131219;0000;27,3333;;;
131220;0000;26,125;;;
131221;0000;23,3333;;;
131222;0000;20,2917;;;
131223;0000;18;;;
131224;0000;26,9583;;;
131225;0000;20,875;;;
131226;0000;15,6087;;;
131227;0000;17,4167;;;
131228;0000;19,0833;;;
131229;0000;19,625;;;
131230;0000;11,25;;;
131231;0000;20,7083;;;
140101;0000;11,0833;;;
140102;0000;9,75002;;;
140103;0000;15,375;;;
140104;0000;53,7084;;;
140105;0000;66,8751;;;
140106;0000;43,4584;;;
140107;0000;41,7917;;;
140108;0000;68,1251;;;
140109;0000;38,5001;;;
140110;0000;28,8636;;;
140111;0000;27,7917;;;
140112;0000;21,5;;;
140113;0000;18,875;;;
140114;0000;20,3333;;;
140115;0000;25,25;;;
140116;0000;17,1667;;;
140117;0000;13;;;
140118;0000;14,7917;;;
140119;0000;11,3333;;;
140120;0000;9,83334;;;
140121;0000;11,1667;;;
140122;0000;12,2917;;;
140123;0000;6,25001;;;
140124;0000;9,45834;;;
140125;0000;11,7917;;;
140126;0000;11,875;;;
140127;0000;11,875;;;
140128;0000;13,6667;;;
140129;0000;18,9167;;;
140130;0000;14,25;;;
140131;0000;19,5833;;;
140201;0000;21,0417;;;
140202;0000;9,58334;;;
140203;0000;8,12502;;;
140204;0000;10,3333;;;
140205;0000;9,45834;;;
140206;0000;13,375;;;
140207;0000;13,625;;;
140208;0000;12;;;
140209;0000;12,9583;;;
140210;0000;14,3333;;;
140211;0000;18,2917;;;
140212;0000;15,7083;;;
140213;0000;18,4583;;;
140214;0000;20,1667;;;
140215;0000;13,375;;;
140216;0000;12,4583;;;
140217;0000;14,125;;;
140218;0000;17,875;;;
140219;0000;17,1667;;;
140220;0000;18;;;
140221;0000;15,5;;;
140222;0000;20,9167;;;
140223;0000;20,0417;;;
140224;0000;17,25;;;
140225;0000;15,5;;;
140226;0000;15,2083;;;
140227;0000;15,5833;;;
140228;0000;21,0833;;;
140301;0000;15,25;;;
140302;0000;14,25;;;
140303;0000;19,0833;;;
140304;0000;18,375;;;
140305;0000;17;;;
140306;0000;17,8333;;;
140307;0000;21,7917;;;
140308;0000;20,5;;;
140309;0000;12,5833;;;
140310;0000;10,2917;;;
140311;0000;13,9167;;;
140312;0000;15,5;;;
140313;0000;14,125;;;
140314;0000;17,9583;;;
140315;0000;20,625;;;
140316;0000;14,2917;;;
140317;0000;15,5;;;
140318;0000;15,875;;;
140319;0000;17,125;;;
140320;0000;24,4;;;
140321;0000;26,7917;;;
140322;0000;27,8333;;;
140323;0000;27,0833;;;
140324;0000;29,4167;;;
140325;0000;30,1579;;;
140326;0000;28,5417;;;
140327;0000;29,2083;;;
140328;0000;29,0833;;;
140329;0000;28,0455;;;
140330;0000;9,50002;;;
140331;0000;14,125;;;
140401;0000;18,4583;;;
140402;0000;18,7083;;;
140403;0000;21,0417;;;
140404;0000;31,6667;;;
140405;0000;38,6667;;;
140406;0000;38,9167;;;
140407;0000;17,7917;;;
140408;0000;16,875;;;
140409;0000;18,1667;;;
140410;0000;20,3333;;;
140411;0000;28,7917;;;
140412;0000;32,5417;;;
140413;0000;20,4583;;;
140414;0000;19,6667;;;
140415;0000;24,4583;;;
140416;0000;24,75;;;
140417;0000;37,0417;;;
140418;0000;38,2501;;;
140419;0000;31,0833;;;
140420;0000;18,625;;;
140421;0000;23,375;;;
140422;0000;32,1251;;;
140423;0000;41,5417;;;
140424;0000;61,4167;;;
140425;0000;66,5834;;;
140426;0000;44,6251;;;
140427;0000;34,4167;;;
140428;0000;37,3334;;;
140429;0000;41,0834;;;
140430;0000;40,5834;;;
140501;0000;30,375;;;
140502;0000;36,7501;;;
140503;0000;28;;;
140504;0000;24,0833;;;
140505;0000;35,7501;;;
140506;0000;50,7084;;;
140507;0000;39,0834;;;
140508;0000;39,9584;;;
140509;0000;39,7917;;;
140510;0000;50,2501;;;
140511;0000;52,4167;;;
140512;0000;71,8334;;;
140513;0000;63,2084;;;
140514;0000;42,7084;;;
140515;0000;35,3751;;;
140516;0000;42,3334;;;
140517;0000;59,7084;;;
140518;0000;51,2917;;;
140519;0000;36,4167;;;
140520;0000;28,375;;;
140521;0000;8,83334;;;
140522;0000;28,25;;;
140523;0000;38,7084;;;
140524;0000;48,7501;;;
140525;0000;71,7917;;;
140526;0000;61,4584;;;
140527;0000;55,4167;;;
140528;0000;33,5417;;;
140529;0000;26,8333;;;
140530;0000;36,6251;;;
140531;0000;63,2501;;;
140601;0000;65,2084;;;
140602;0000;79,0834;;;
140603;0000;27,5417;;;
140604;0000;13;;;
140605;0000;34,3334;;;
140606;0000;26,1667;;;
140607;0000;20;;;
140608;0000;27,9167;;;
140609;0000;38,5834;;;
140610;0000;44,7917;;;
140611;0000;38,5417;;;
140612;0000;20,8333;;;
140613;0000;73,1251;;;
140614;0000;85,4167;;;
140615;0000;45,2917;;;
140616;0000;60,1429;;;
140617;0000;44,4167;;;
140618;0000;49,5417;;;
140619;0000;56,8334;;;
140620;0000;56,5001;;;
140621;0000;45,3334;;;
140622;0000;66,2084;;;
140623;0000;56,1251;;;
140624;0000;55,9091;;;
140625;0000;73,0417;;;
140626;0000;73,9167;;;
140627;0000;82,7084;;;
140628;0000;111,167;;;
140629;0000;84,5001;;;
140630;0000;66,6667;;;
140701;0000;84,5001;;;
140702;0000;45,3751;;;
140703;0000;37,4167;;;
140704;0000;26,0833;;;
140705;0000;37,1667;;;
140706;0000;60,4167;;;
140707;0000;47,7501;;;
140708;0000;43,0834;;;
140709;0000;57,4584;;;
140710;0000;56,0001;;;
140711;0000;74,5834;;;
140712;0000;89,6251;;;
140713;0000;53,9584;;;
140714;0000;38,1667;;;
140715;0000;21,3333;;;
140716;0000;44,7917;;;
140717;0000;51,9565;;;
140718;0000;53,0834;;;
140719;0000;49,1251;;;
140720;0000;48,8751;;;
140721;0000;39,1251;;;
140722;0000;27,4583;;;
140723;0000;37,1251;;;
140724;0000;51,8751;;;
140725;0000;53,6251;;;
140726;0000;69,3334;;;
140727;0000;55,4167;;;
140728;0000;64,4167;;;
140729;0000;58,8334;;;
140730;0000;43,2084;;;
140731;0000;64,2084;;;
140801;0000;43,3334;;;
140802;0000;38,2501;;;
140803;0000;23,3333;;;
140804;0000;39,7084;;;
140805;0000;28,7083;;;
140806;0000;24,4583;;;
140807;0000;36,2501;;;
140808;0000;51,8334;;;
140809;0000;52,3334;;;
140810;0000;65,9584;;;
140811;0000;36,2084;;;
140812;0000;42,2917;;;
140813;0000;40,2501;;;
140814;0000;38,5001;;;
140815;0000;62,2501;;;
140816;0000;59,4584;;;
140817;0000;33,9167;;;
140818;0000;24,4583;;;
140819;0000;37,5834;;;
140820;0000;57,4584;;;
140821;0000;60,7917;;;
140822;0000;46,2084;;;
140823;0000;18,5833;;;
140824;0000;12,7083;;;
140825;0000;24,1667;;;
140826;0000;20,75;;;
140827;0000;35,4584;;;
140828;0000;41,7501;;;
140829;0000;42,3334;;;
140830;0000;22,375;;;
140831;0000;27,625;;;
140901;0000;13,0417;;;
140902;0000;16,0435;;;
140903;0000;20,75;;;
140904;0000;19,4583;;;
140905;0000;8,08334;;;
140906;0000;36,1251;;;
140907;0000;40,3751;;;
140908;0000;21,0417;;;
140909;0000;10,9167;;;
140910;0000;18,6667;;;
140911;0000;30,4783;;;
140912;0000;33,15;;;
140913;0000;22,3333;;;
140914;0000;21,6667;;;
140915;0000;17,619;;;
140916;0000;39,2858;;;
140917;0000;30,25;;;
140918;0000;42,6667;;;
140919;0000;48,8334;;;
140920;0000;34,2917;;;
140921;0000;23,0833;;;
140922;0000;11,9167;;;
140923;0000;25,5833;;;
140924;0000;;;;
140925;0000;;;0,125;
140926;0000;;;0,208333;
140927;0000;;;0,0416666;
140928;0000;;;14,125;
140929;0000;17,2083;;;
140930;0000;25,375;;;
141001;0000;21,5;;;
141002;0000;28,75;;;
141003;0000;27,3333;;;
141004;0000;14,0833;;;
141005;0000;17,5;;;
141006;0000;20,4167;;;
141007;0000;22,4583;;;
141008;0000;24,4583;;;
141009;0000;15,8333;;;
141010;0000;21,3333;;;
141011;0000;25,3333;;;
141012;0000;19,0417;;;
141013;0000;17,6667;;;
141014;0000;19,2083;;;
141015;0000;16,5833;;;
141016;0000;20,1667;;;
141017;0000;17,9167;;;
141018;0000;17,1667;;;
141019;0000;18,5833;;;
141020;0000;16,1667;;;
141021;0000;14,4167;;;
141022;0000;18,0417;;;
141023;0000;18,125;;;
141024;0000;19,625;;;
141025;0000;19,5417;;;
141026;0000;18,1667;;;
141027;0000;10,8696;;;
141028;0000;11,3044;;;
141029;0000;9,79167;;;
141030;0000;12,2917;;;
141031;0000;13,0417;;;
141101;0000;12,5;;;
141102;0000;8,66667;;;
141103;0000;9,91667;;;
141104;0000;12,7917;;;
141105;0000;12,375;;;
141106;0000;11,2083;;;
141107;0000;17,1667;;;
141108;0000;18,0417;;;
141109;0000;17,125;;;
141110;0000;17,25;;;
141111;0000;15,0417;;;
141112;0000;13,625;;;
141113;0000;21,1667;;;
141114;0000;18,6667;;;
141115;0000;22,1667;;;
141116;0000;22,9583;;;
141117;0000;17,7083;;;
141118;0000;17,4583;;;
141119;0000;15,3044;;;
141120;0000;15,9167;;;
141121;0000;11,875;;;
141122;0000;16,625;;;
141123;0000;11,4167;;;
141124;0000;13,2083;;;
141125;0000;12,625;;;
141126;0000;14,2917;;;
141127;0000;16,5417;;;
141128;0000;18,3333;;;
141129;0000;10,9167;;;
141130;0000;12,0417;;;
141201;0000;14,5417;;;
141202;0000;18,2083;;;
141203;0000;19,7917;;;
141204;0000;19,4167;;;
141205;0000;26,6667;;;
141206;0000;11,9167;;;
141207;0000;15,125;;;
141208;0000;15,1667;;;
141209;0000;16,625;;;
141210;0000;16,125;;;
141211;0000;15,5417;;;
141212;0000;17,2083;;;
141213;0000;15,7083;;;
141214;0000;15,7917;;;
141215;0000;13,875;;;
141216;0000;11,25;;;
141217;0000;14,125;;;
141218;0000;18,125;;;
141219;0000;15,375;;;
141220;0000;14,3333;;;
141221;0000;15,3333;;;
141222;0000;11,5417;;;
141223;0000;11,9167;;;
141224;0000;15,625;;;
141225;0000;14,9167;;;
141226;0000;13,1667;;;
141227;0000;15,2083;;;
141228;0000;11,25;;;
141229;0000;11,6667;;;
141230;0000;24,5833;;;
141231;0000;17,125;;;
150101;0000;12,75;;;
150102;0000;13,25;;;
150103;0000;17,8333;;;
150104;0000;20,75;;;
150105;0000;16,5;;;
150106;0000;19,1667;;;
150107;0000;17,9583;;;
150108;0000;17,5;;;
150109;0000;17,7917;;;
150110;0000;17,5417;;;
150111;0000;18,7917;;;
150112;0000;21,5417;;;
150113;0000;27,1667;;;
150114;0000;22,6957;;;
150115;0000;20,2917;;;
150116;0000;24,9167;;;
150117;0000;26,7083;;;
150118;0000;21,5;;;
150119;0000;17,5;;;
150120;0000;16,4583;;;
150121;0000;17,3333;;;
150122;0000;17,875;;;
150123;0000;18,875;;;
150124;0000;16,0417;;;
150125;0000;13,3333;;;
150126;0000;8,79167;;;
150127;0000;10,875;;;
150128;0000;14,25;;;
150129;0000;14,3636;;;
150130;0000;19,5833;;;
150131;0000;20,625;;;
150201;0000;17,6667;;;
150202;0000;17,0417;;;
150203;0000;19,5417;;;
150204;0000;19,375;;;
150205;0000;20;;;
150206;0000;22,3333;;;
150207;0000;14,5417;;;
150208;0000;8,91667;;;
150209;0000;16,25;;;
150210;0000;17,8333;;;
150211;0000;14,7083;;;
150212;0000;17,3333;;;
150213;0000;;;;
150214;0000;25,5417;;;
150215;0000;25,625;;;
150216;0000;29,75;;;
150217;0000;27,7917;;;
150218;0000;20,9167;;;
150219;0000;34,0834;;;
150220;0000;37,2917;;;
150221;0000;21,9167;;;
150222;0000;18,5238;;;
150223;0000;18,1667;;;
150224;0000;19,9583;;;
150225;0000;26,1667;;;
150226;0000;20,75;;;
150227;0000;14,3333;;;
150228;0000;10,3333;;;
150301;0000;9,66667;;;
150302;0000;11,9583;;;
150303;0000;14,0417;;;
150304;0000;15,5417;;;
150305;0000;19,375;;;
150306;0000;17,625;;;
150307;0000;23,3333;;;
150308;0000;16,625;;;
150309;0000;15,6667;;;
150310;0000;22,5;;;
150311;0000;26,0417;;;
150312;0000;42,4584;;;
150313;0000;34,2084;;;
150314;0000;26,1667;;;
150315;0000;21,5833;;;
150316;0000;20,7083;;;
150317;0000;;;22,1905;
150318;0000;;;0,173913;
150319;0000;;;0,291667;
150320;0000;;;14;
150321;0000;18,1667;;;
150322;0000;18,0833;;;
150323;0000;19,0417;;;
150324;0000;15,9583;;;
150325;0000;27,125;;;
150326;0000;6,83334;;;
150327;0000;17,9583;;;
150328;0000;23,2083;;;
150329;0000;21,7917;;;
150330;0000;19,7083;;;
150331;0000;22,1667;;;
150401;0000;26,625;;;
150402;0000;26,1667;;;
150403;0000;17,625;;;
150404;0000;16,1667;;;
150405;0000;18,3333;;;
150406;0000;18,4583;;;
150407;0000;18,6667;;;
150408;0000;29,0833;;;
150409;0000;23,6957;;;
150410;0000;26,625;;;
150411;0000;28;;;
150412;0000;32,5417;;;
150413;0000;39,0001;;;
150414;0000;34,2084;;;
150415;0000;17,4583;;;
150416;0000;20,1667;;;
150417;0000;29,4583;;;
150418;0000;24,375;;;
150419;0000;22,625;;;
150420;0000;29,5417;;;
150421;0000;34,7917;;;
150422;0000;39,4167;;;
150423;0000;31,375;;;
150424;0000;39,9167;;;
150425;0000;53,4167;;;
150426;0000;72,6251;;;
150427;0000;69,2084;;;
150428;0000;52,5417;;;
150429;0000;45,3751;;;
150430;0000;48,6251;;;
150501;0000;52,3334;;;
150502;0000;29;;;
150503;0000;30,8333;;;
150504;0000;34,3751;;;
150505;0000;34,8334;;;
150506;0000;44,4167;;;
150507;0000;40,8334;;;
150508;0000;45,2501;;;
150509;0000;53,6251;;;
150510;0000;45,9167;;;
150511;0000;50,2084;;;
150512;0000;49,2084;;;
150513;0000;49,9167;;;
150514;0000;53,1251;;;
150515;0000;58,5417;;;
150516;0000;70,7917;;;
150517;0000;64,8751;;;
150518;0000;61,9584;;;
150519;0000;41,8334;;;
150520;0000;38,0417;;;
150521;0000;51,0001;;;
150522;0000;59,7084;;;
150523;0000;60,5001;;;
150524;0000;57,2501;;;
150525;0000;73,0834;;;
150526;0000;84,8334;;;
150527;0000;84,0001;;;
150528;0000;72,1251;;;
150529;0000;60,2084;;;
150530;0000;49,3334;;;
150531;0000;64,3334;;;
150601;0000;76,0834;;;
150602;0000;46,0001;;;
150603;0000;53,7084;;;
150604;0000;75,2917;;;
150605;0000;48,8334;;;
150606;0000;24,375;;;
150607;0000;39,7917;;;
150608;0000;35,1251;;;
150609;0000;30,9167;;;
150610;0000;27,9583;;;
150611;0000;52,8751;;;
150612;0000;42,7084;;;
150613;0000;38,3334;;;
150614;0000;39,5417;;;
150615;0000;53,2501;;;
150616;0000;49,4584;;;
150617;0000;55,6957;;;
150618;0000;53,4584;;;
150619;0000;60,2917;;;
150620;0000;66,1667;;;
150621;0000;90,7917;;;
150622;0000;68,2084;;;
150623;0000;65,8334;;;
150624;0000;61,5417;;;
150625;0000;59,6251;;;
150626;0000;57,6667;;;
150627;0000;60,2501;;;
150628;0000;50,2501;;;
150629;0000;68,1251;;;
150630;0000;77,2917;;;
150701;0000;76,9584;;;
150702;0000;75,9167;;;
150703;0000;52,8334;;;
150704;0000;60,4783;;;
150705;0000;58,0834;;;
150706;0000;49,3751;;;
150707;0000;62,4584;;;
150708;0000;81,5417;;;
150709;0000;62,5417;;;
150710;0000;65,6667;;;
150711;0000;51,7917;;;
150712;0000;6,66667;;;
150713;0000;14,5;;;
150714;0000;44,1251;;;
150715;0000;64,2084;;;
150716;0000;79,8334;;;
150717;0000;57,7917;;;
150718;0000;50,5834;;;
150719;0000;46,8334;;;
150720;0000;40,6667;;;
150721;0000;65,8751;;;
150722;0000;61,2501;;;
150723;0000;63,1251;;;
150724;0000;60,6667;;;
150725;0000;79,9167;;;
150726;0000;57,4167;;;
150727;0000;30,4167;;;
150728;0000;48,2084;;;
150729;0000;49,2501;;;
150730;0000;21,1667;;;
150731;0000;44,9167;;;
150801;0000;77,6667;;;
150802;0000;54,9167;;;
150803;0000;70,1251;;;
150804;0000;27,125;;;
150805;0000;16,5417;;;
150806;0000;11,25;;;
150807;0000;28,6667;;;
150808;0000;14,625;;;
150809;0000;9,87502;;;
150810;0000;16,0417;;;
150811;0000;37,7501;;;
150812;0000;44,0417;;;
150813;0000;38,3751;;;
150814;0000;41,5417;;;
150815;0000;58,1667;;;
150816;0000;51,0834;;;
150817;0000;35,7501;;;
150818;0000;62,4167;;;
150819;0000;50,5834;;;
150820;0000;38,7917;;;
150821;0000;24,875;;;
150822;0000;15;;;
150823;0000;44,9167;;;
150824;0000;45,4783;;;
150825;0000;23,9167;;;
150826;0000;16,5417;;;
150827;0000;44,2084;;;
150828;0000;38,1667;;;
150829;0000;42,0001;;;
150830;0000;31,9167;;;
150831;0000;22,0417;;;
150901;0000;23,4737;;;
150902;0000;22,9583;;;
150903;0000;31,3333;;;
150904;0000;38,0834;;;
150905;0000;40,6667;;;
150906;0000;13,2083;;;
150907;0000;8,00002;;;
150908;0000;26,6667;;;
150909;0000;;;43,5;
150910;0000;;;;
150911;0000;;;;
150912;0000;;;;
150913;0000;;;;
150914;0000;28,9583;;;
150915;0000;31,8333;;;
150916;0000;27,0833;;;
150917;0000;20,9167;;;
150918;0000;28,9583;;;
150919;0000;32,4584;;;
150920;0000;31,125;;;
150921;0000;17,0417;;;
150922;0000;16,5417;;;
150923;0000;14,9583;;;
150924;0000;13,9167;;;
150925;0000;22,7917;;;
150926;0000;37,1251;;;
150927;0000;47,7917;;;
150928;0000;39,2917;;;
150929;0000;22,9583;;;
150930;0000;16,75;;;
151001;0000;7,37501;;;
151002;0000;17,25;;;
151003;0000;27,8333;;;
151004;0000;12,2083;;;
151005;0000;15,5833;;;
151006;0000;15,5;;;
151007;0000;11,7917;;;
151008;0000;19,125;;;
151009;0000;21,3333;;;
151010;0000;20,0833;;;
151011;0000;18,5833;;;
151012;0000;13,1667;;;
151013;0000;7,95834;;;
151014;0000;4,58334;;;
151015;0000;11,625;;;
151016;0000;27,7917;;;
151017;0000;35,9584;;;
151018;0000;21,2917;;;
151019;0000;13,9583;;;
151020;0000;13,0417;;;
151021;0000;17,625;;;
151022;0000;18,2917;;;
151023;0000;18,875;;;
151024;0000;13,125;;;
151025;0000;10,625;;;
151026;0000;11,5833;;;
151027;0000;17,9583;;;
151028;0000;21,2083;;;
151029;0000;22,1667;;;
151030;0000;18,3333;;;
151031;0000;20,4583;;;
151101;0000;17,0833;;;
151102;0000;18,9524;;;
151103;0000;23,0833;;;
151104;0000;17,2083;;;
151105;0000;18,6667;;;
151106;0000;27,6667;;;
151107;0000;24,3333;;;
151108;0000;20,125;;;
151109;0000;11,75;;;
151110;0000;10,25;;;
151111;0000;7,95834;;;
151112;0000;12,9167;;;
151113;0000;18,2083;;;
151114;0000;18,25;;;
151115;0000;13,875;;;
151116;0000;11,25;;;
151117;0000;10,0833;;;
151118;0000;8,50002;;;
151119;0000;8,25002;;;
151120;0000;15,2917;;;
151121;0000;16,2917;;;
151122;0000;12,75;;;
151123;0000;12,3333;;;
151124;0000;7,95834;;;
151125;0000;7,29167;;;
151126;0000;8,45834;;;
151127;0000;10,6667;;;
151128;0000;15,5417;;;
151129;0000;15,3333;;;
151130;0000;18,375;;;
151201;0000;19,75;;;
151202;0000;14,3333;;;
151203;0000;13,9167;;;
151204;0000;16,8333;;;
151205;0000;18,375;;;
151206;0000;15,2917;;;
151207;0000;14,7917;;;
151208;0000;10,9167;;;
151209;0000;16,1667;;;
151210;0000;17,375;;;
151211;0000;19,5417;;;
151212;0000;18,6667;;;
151213;0000;15,6667;;;
151214;0000;12,9583;;;
151215;0000;14,5833;;;
151216;0000;11,25;;;
151217;0000;14,25;;;
151218;0000;17,5;;;
151219;0000;19,4583;;;
151220;0000;13,2917;;;
151221;0000;14,9167;;;
151222;0000;12,9583;;;
151223;0000;10,3636;;;
151224;0000;23,2917;;;
151225;0000;20,75;;;
151226;0000;18,25;;;
151227;0000;21,625;;;
151228;0000;18,2083;;;
151229;0000;17,5417;;;
151230;0000;18,0833;;;
151231;0000;19,6667;;;
160101;0000;17,75;;;
160102;0000;12,5417;;;
160103;0000;12,5833;;;
160104;0000;14,7826;;;
160105;0000;20,375;;;
160106;0000;21,875;;;
160107;0000;14,4583;;;
160108;0000;13,0833;;;
160109;0000;13,3333;;;
160110;0000;11,4583;;;
160111;0000;11;;;
160112;0000;9,66669;;;
160113;0000;15,25;;;
160114;0000;22,375;;;
160115;0000;20,75;;;
160116;0000;27,9584;;;
160117;0000;18,4584;;;
160118;0000;21,0834;;;
160119;0000;68,1251;;;
160120;0000;26,75;;;
160121;0000;19,7827;;;
160122;0000;17,75;;;
160123;0000;14,1667;;;
160124;0000;5,95834;;;
160125;0000;21,4167;;;
160126;0000;16,3334;;;
160127;0000;11,5833;;;
160128;0000;18,75;;;
160129;0000;12,0833;;;
160130;0000;15,4167;;;
160131;0000;14,8333;;;
160201;0000;18,6667;;;
160202;0000;25,1667;;;
160203;0000;30;;;
160204;0000;22,7084;;;
160205;0000;17,375;;;
160206;0000;18,1667;;;
160207;0000;13,7083;;;
160208;0000;15,8333;;;
160209;0000;18,9584;;;
160210;0000;17,0417;;;
160211;0000;20;;;
160212;0000;17,0834;;;
160213;0000;13,7083;;;
160214;0000;15;;;
160215;0000;13,375;;;
160216;0000;;;;
160217;0000;;;;
160218;0000;12,8333;;;
160219;0000;;;17,625;
160220;0000;;;16,9524;
160221;0000;14,3333;;;
160222;0000;16,4167;;;
160223;0000;18,8334;;;
160224;0000;18;;;
160225;0000;13,5417;;;
160226;0000;12,875;;;
160227;0000;18,1667;;;
160228;0000;13,9167;;;
160229;0000;16,5417;;;
160301;0000;18,4584;;;
160302;0000;23;;;
160303;0000;24,0834;;;
160304;0000;25,4584;;;
160305;0000;26,9131;;;
160306;0000;18,875;;;
160307;0000;15,5833;;;
160308;0000;22,1667;;;
160309;0000;24,4584;;;
160310;0000;;;12,8636;
160311;0000;;;;
160312;0000;;;;
160313;0000;;;;
160314;0000;;;;
160315;0000;;;;
160316;0000;;;;
160317;0000;30,375;;;
160318;0000;32,5834;;;
160319;0000;21,0417;;;
160320;0000;23,3334;;;
160321;0000;28,2917;;;
160322;0000;28,0834;;;
160323;0000;35,0417;;;
160324;0000;37,3751;;;
160325;0000;35,3334;;;
160326;0000;34,5001;;;
160327;0000;43,8334;;;
160328;0000;37,0001;;;
160329;0000;36,6251;;;
160330;0000;40,4584;;;
160331;0000;31,8334;;;
160401;0000;26,75;;;
160402;0000;31,375;;;
160403;0000;21,1667;;;
160404;0000;24;;;
160405;0000;29,4584;;;
160406;0000;19,7917;;;
160407;0000;21,7917;;;
160408;0000;23,8334;;;
160409;0000;25,4584;;;
160410;0000;28,25;;;
160411;0000;27,2084;;;
160412;0000;29,0834;;;
160413;0000;44,5834;;;
160414;0000;26,8334;;;
160415;0000;12,0833;;;
160416;0000;18,1667;;;
160417;0000;9,41669;;;
160418;0000;14,3478;;;
160419;0000;25,7084;;;
160420;0000;33,5001;;;
160421;0000;36,6251;;;
160422;0000;34,4167;;;
160423;0000;17,5;;;
160424;0000;5,58334;;;
160425;0000;20;;;
160426;0000;23,375;;;
160427;0000;37,0001;;;
160428;0000;58,4584;;;
160429;0000;56,5834;;;
160430;0000;57,3751;;;
160501;0000;43,1667;;;
160502;0000;41,4167;;;
160503;0000;37,2917;;;
160504;0000;41,7084;;;
160505;0000;42,4167;;;
160506;0000;53,5001;;;
160507;0000;47,2084;;;
160508;0000;45,9584;;;
160509;0000;49,0001;;;
160510;0000;56,7084;;;
160511;0000;35,1251;;;
160512;0000;33,0834;;;
160513;0000;43,0417;;;
160514;0000;42,1667;;;
160515;0000;36,5834;;;
160516;0000;38,7917;;;
160517;0000;40,7084;;;
160518;0000;38,8334;;;
160519;0000;52,6522;;;
160520;0000;44,8334;;;
160521;0000;35,2084;;;
160522;0000;31,9167;;;
160523;0000;27,6667;;;
160524;0000;44,5417;;;
160525;0000;40,2917;;;
160526;0000;49,7917;;;
160527;0000;77,0835;;;
160528;0000;102,046;;;
160529;0000;45,3751;;;
160530;0000;21,4167;;;
160531;0000;26,8334;;;
160601;0000;24,0834;;;
160602;0000;21,4348;;;
160603;0000;13,4167;;;
160604;0000;14,0417;;;
160605;0000;36,7917;;;
160606;0000;44,1667;;;
160607;0000;45,0001;;;
160608;0000;48,0001;;;
160609;0000;48,1667;;;
160610;0000;52,6251;;;
160611;0000;58,5834;;;
160612;0000;45,0417;;;
160613;0000;41,3751;;;
160614;0000;81,8335;;;
160615;0000;65,5001;;;
160616;0000;54,5001;;;
160617;0000;51,6251;;;
160618;0000;83,0001;;;
160619;0000;70,7501;;;
160620;0000;83,4167;;;
160621;0000;46,1251;;;
160622;0000;60,2084;;;
160623;0000;56,6667;;;
160624;0000;57,7917;;;
160625;0000;72,8335;;;
160626;0000;79,6667;;;
160627;0000;51,0001;;;
160628;0000;43,5417;;;
160629;0000;49,5417;;;
160630;0000;92,1667;;;
160701;0000;84,5835;;;
160702;0000;66,4167;;;
160703;0000;49,9584;;;
160704;0000;36,5834;;;
160705;0000;39,2175;;;
160706;0000;43,6251;;;
160707;0000;60,1667;;;
160708;0000;61,0001;;;
160709;0000;85,7085;;;
160710;0000;53,0001;;;
160711;0000;10,9583;;;
160712;0000;31,4167;;;
160713;0000;13,2083;;;
160714;0000;9,62502;;;
160715;0000;35,7917;;;
160716;0000;47,5417;;;
160717;0000;27,1667;;;
160718;0000;38,9584;;;
160719;0000;41,0834;;;
160720;0000;52,2917;;;
160721;0000;52,1667;;;
160722;0000;32,7917;;;
160723;0000;48,2501;;;
160724;0000;49,9584;;;
160725;0000;13,5218;;;
160726;0000;30,7917;;;
160727;0000;35,7084;;;
160728;0000;33,4584;;;
160729;0000;35,5001;;;
160730;0000;42,3334;;;
160731;0000;23,7917;;;
160801;0000;26,9167;;;
160802;0000;36,5834;;;
160803;0000;49,6667;;;
160804;0000;57,8334;;;
160805;0000;42,6251;;;
160806;0000;49,2084;;;
160807;0000;47,7917;;;
160808;0000;42,4167;;;
160809;0000;36,6251;;;
160810;0000;32,4584;;;
160811;0000;50,3751;;;
160812;0000;64,2501;;;
160813;0000;60,7917;;;
160814;0000;66,5835;;;
160815;0000;45,2501;;;
160816;0000;11,9167;;;
160817;0000;14,7083;;;
160818;0000;16,5;;;
160819;0000;19,875;;;
160820;0000;26,3334;;;
160821;0000;26,5834;;;
160822;0000;25,9584;;;
160823;0000;34,4167;;;
160824;0000;39,2084;;;
160825;0000;34,6251;;;
160826;0000;28,2917;;;
160827;0000;32,8334;;;
160828;0000;23,875;;;
160829;0000;31,0417;;;
160830;0000;29,5834;;;
160831;0000;25,375;;;
160901;0000;24,625;;;
160902;0000;33,9584;;;
160903;0000;37,6667;;;
160904;0000;25;;;
160905;0000;20,7917;;;
160906;0000;27,7084;;;
160907;0000;25,1667;;;
160908;0000;24,0417;;;
160909;0000;27,4167;;;
160910;0000;27,0417;;;
160911;0000;28,5;;;
160912;0000;15,35;;;
160913;0000;18,1667;;;
160914;0000;27,3334;;;
160915;0000;44,5834;;;
160916;0000;47,7084;;;
160917;0000;38,7501;;;
160918;0000;46,6667;;;
160919;0000;29,2917;;;
160920;0000;24,7084;;;
160921;0000;21,9584;;;
160922;0000;24,7143;;;
160923;0000;21,0834;;;
160924;0000;20,2917;;;
160925;0000;22,125;;;
160926;0000;26,1667;;;
160927;0000;28,5417;;;
160928;0000;28,6819;;;
160929;0000;9,83334;;;
160930;0000;16,2084;;;
161001;0000;18,9167;;;
161002;0000;16,1667;;;
161003;0000;11,375;;;
161004;0000;8,08698;;;
161005;0000;14,1667;;;
161006;0000;15,087;;;
161007;0000;13,875;;;
161008;0000;18,0417;;;
161009;0000;14,7917;;;
161010;0000;12,75;;;
161011;0000;12,875;;;
161012;0000;8,45834;;;
161013;0000;9,04547;;;
161014;0000;13,125;;;
161015;0000;11,125;;;
161016;0000;2,20834;;;
161017;0000;11,4583;;;
161018;0000;;;;
161019;0000;;;;
161020;0000;;;;
161021;0000;;;;
161022;0000;;;;
161023;0000;;;;
161024;0000;;;;
161025;0000;10,5417;;;
161026;0000;14,625;;;
161027;0000;19,7084;;;
161028;0000;27,125;;;
161029;0000;28,9584;;;
161030;0000;13,5;;;
161031;0000;9,20834;;;
161101;0000;3,5;;;
161102;0000;10,5417;;;
161103;0000;11,375;;;
161104;0000;11,9167;;;
161105;0000;17,4584;;;
161106;0000;11,9167;;;
161107;0000;12,9583;;;
161108;0000;10,75;;;
161109;0000;15,75;;;
161110;0000;17,25;;;
161111;0000;18,0417;;;
161112;0000;19,3334;;;
161113;0000;13,7727;;;
161114;0000;12,5417;;;
161115;0000;12,8333;;;
161116;0000;16,8334;;;
161117;0000;16,375;;;
161118;0000;25,3182;;;
161119;0000;30,3334;;;
161120;0000;13,5417;;;
161121;0000;22,0834;;;
161122;0000;13,5417;;;
161123;0000;13,5833;;;
161124;0000;23,375;;;
161125;0000;12,5417;;;
161126;0000;12,7083;;;
161127;0000;12,5417;;;
161128;0000;16,625;;;
161129;0000;25,375;;;
161130;0000;31,875;;;
161201;0000;24,125;;;
161202;0000;23,5417;;;
161203;0000;22,6667;;;
161204;0000;7,70834;;;
161205;0000;12,9167;;;
161206;0000;16,3334;;;
161207;0000;19,7917;;;
161208;0000;17,9584;;;
161209;0000;8,54169;;;
161210;0000;14,4167;;;
161211;0000;13,9583;;;
161212;0000;10,6667;;;
161213;0000;17,5;;;
161214;0000;25,7917;;;
161215;0000;67,9167;;;
161216;0000;39,4584;;;
161217;0000;17,5834;;;
161218;0000;15,1667;;;
161219;0000;22;;;
161220;0000;45,3914;;;
161221;0000;25,125;;;
161222;0000;29,25;;;
161223;0000;31,75;;;
161224;0000;41,5417;;;
161225;0000;10;;;
161226;0000;3,375;;;
161227;0000;11,875;;;
161228;0000;16,5417;;;
161229;0000;23,2084;;;
161230;0000;22,2917;;;
161231;0000;19,4167;;;
170101;0000;;18,1667;;
170102;0000;;23,0833;;
170103;0000;;54,7917;;
170104;0000;;29,2083;;
170105;0000;;22,25;;
170106;0000;;23,75;;
170107;0000;;20,875;;
170108;0000;;13,375;;
170109;0000;;10,7917;;
170110;0000;;19,75;;
170111;0000;;18,875;;
170112;0000;;31;;
170113;0000;;24,5833;;
170114;0000;;15,875;;
170115;0000;;18,375;;
170116;0000;;23,75;;
170117;0000;;26,3333;;
170118;0000;;40,3333;;
170119;0000;;88,5834;;
170120;0000;;89,0416;;
170121;0000;;74;;
170122;0000;;62,25;;
170123;0000;;44,5833;;
170124;0000;;53,5;;
170125;0000;;42,2083;;
170126;0000;;47,1667;;
170127;0000;;29,25;;
170128;0000;;51,3333;;
170129;0000;;57,5833;;
170130;0000;;59,7083;;
170131;0000;;42,6667;;
170201;0000;;65,4166;;
170202;0000;;44,4167;;
170203;0000;;10,0833;;
170204;0000;;11,5217;;
170205;0000;;16,375;;
170206;0000;;18,625;;
170207;0000;;12,25;;
170208;0000;;12,5833;;
170209;0000;;11,7083;;
170210;0000;;13,625;;
170211;0000;;11,4583;;
170212;0000;;13,2083;;
170213;0000;;14,4583;;
170214;0000;;21;;
170215;0000;;15,25;;
170216;0000;;13,7083;;
170217;0000;;9,95833;;
170218;0000;;10,625;;
170219;0000;;12,9583;;
170220;0000;;11,2083;;
170221;0000;;11,8333;;
170222;0000;;15,75;;
170223;0000;;25;;
170224;0000;;17,9167;;
170225;0000;;13,0417;;
170226;0000;;15,8095;;
170227;0000;;13,3182;;
170228;0000;;10,375;;
170301;0000;;9,83333;;
170302;0000;;7,75;;
170303;0000;;9,34782;;
170304;0000;;8,625;;
170305;0000;;20,5217;;
170306;0000;;12,0417;;
170307;0000;;14;;
170308;0000;;10,8333;;
170309;0000;;7,75;;
170310;0000;;14,2917;;
170311;0000;;28,9167;;
170312;0000;;21,8696;;
170313;0000;;;;
170314;0000;;;;
170315;0000;;;;
170316;0000;;;;
170317;0000;;;;
170318;0000;;19,2727;;
170319;0000;;17,6087;;
170320;0000;;25,9583;;
170321;0000;;26,875;;
170322;0000;;26,8333;;
170323;0000;;25,9583;;
170324;0000;;19,0417;;
170325;0000;;21,7917;;
170326;0000;;12,5;;
170327;0000;;15,3333;;
170328;0000;;16,9167;;
170329;0000;;12,0417;;
170330;0000;;13,2917;;
170331;0000;;15,4167;;
170401;0000;;17,125;;
170402;0000;;16,9583;;
170403;0000;;14,2917;;
170404;0000;;14,375;;
170405;0000;;19,125;;
170406;0000;;16,4583;;
170407;0000;;4,70834;;
170408;0000;;13,0833;;
170409;0000;;14,875;;
170410;0000;;17,5;;
170411;0000;;15,1304;;
170412;0000;;20,375;;
170413;0000;;18,5833;;
170414;0000;;13,9583;;
170415;0000;;23,7083;;
170416;0000;;25,9583;;
170417;0000;;23,5833;;
170418;0000;;19,375;;
170419;0000;;17,6667;;
170420;0000;;16,375;;
170421;0000;;24,125;;
170422;0000;;24,5833;;
170423;0000;;21,8333;;
170424;0000;;23,25;;
170425;0000;;22,8696;;
170426;0000;;23,1667;;
170427;0000;;21,5417;;
170428;0000;;23,5833;;
170429;0000;;32,2083;;
170430;0000;;37,1667;;
170501;0000;;40;;
170502;0000;;46;;
170503;0000;;38;;
170504;0000;;36;;
170505;0000;;37;;
170506;0000;;44;;
170507;0000;;24;;
170508;0000;;19;;
170509;0000;;40;;
170510;0000;;30;;
170511;0000;;10;;
170512;0000;;13;;
170513;0000;;21;;
170514;0000;;23;;
170515;0000;;22;;
170516;0000;;33;;
170517;0000;;29;;
170518;0000;;6;;
170519;0000;;22;;
170520;0000;;48;;
170521;0000;;50;;
170522;0000;;55;;
170523;0000;;72;;
170524;0000;;51;;
170525;0000;;16;;
170526;0000;;29;;
170527;0000;;37;;
170528;0000;;48;;
170529;0000;;64;;
170530;0000;;76;;
170531;0000;;57;;
170601;0000;;49;;
170602;0000;;55;;
170603;0000;;64;;
170604;0000;;41;;
170605;0000;;49;;
170606;0000;;47;;
170607;0000;;47;;
170608;0000;;23;;
170609;0000;;42;;
170610;0000;;53;;
170611;0000;;47;;
170612;0000;;49;;
170613;0000;;77;;
170614;0000;;66;;
170615;0000;;49;;
170616;0000;;10;;
170617;0000;;10;;
170618;0000;37;;;
170619;0000;51;;;
170620;0000;45;;;
170621;0000;55;;;
170622;0000;25;;;
170623;0000;33;;;
170624;0000;34;;;
170625;0000;27;;;
170626;0000;13;;;
170627;0000;28;;;
170628;0000;37;;;
170629;0000;37;;;
170630;0000;39;;;
170701;0000;40;;;
170702;0000;67;;;
170703;0000;34;;;
170704;0000;22;;;
170705;0000;44;;;
170706;0000;51;;;
170707;0000;53;;;
170708;0000;56;;;
170709;0000;57;;;
170710;0000;61;;;
170711;0000;46;;;
170712;0000;37;;;
170713;0000;21;;;
170714;0000;20;;;
170715;0000;;;;
170716;0000;;;;
170717;0000;45;;;
170718;0000;;;;
170719;0000;;;;
170720;0000;37;;;
170721;0000;39;;;
170722;0000;37;;;
170723;0000;51;;;
170724;0000;41;;;
170725;0000;49;;;
170726;0000;54;;;
170727;0000;55;;;
170728;0000;67;;;
170729;0000;64;;;
170730;0000;71;;;
170731;0000;75;;;
170801;0000;41;;;
170802;0000;45;;;
170803;0000;;;;
170804;0000;63;;;
170805;0000;70;;;
170806;0000;73;;;
170807;0000;50;;;
170808;0000;47;;;
170809;0000;31;;;
170810;0000;9;;;
170811;0000;9;;;
170812;0000;28;;;
170813;0000;32;;;
170814;0000;24;;;
170815;0000;36;;;
170816;0000;44;;;
170817;0000;38;;;
170818;0000;33;;;
170819;0000;24;;;
170820;0000;28;;;
170821;0000;28;;;
170822;0000;30;;;
170823;0000;23;;;
170824;0000;21;;;
170825;0000;23;;;
170826;0000;42;;;
170827;0000;33;;;
170828;0000;11;;;
170829;0000;11;;;
170830;0000;33;;;
170831;0000;40;;;
170901;0000;28;;;
170902;0000;27;;;
170903;0000;14;;;
170904;0000;18;;;
170905;0000;28;;;
170906;0000;;;22;
170907;0000;;;;
170908;0000;;;;
170909;0000;;;;
170910;0000;;;;
170911;0000;;;;
170912;0000;28;;;
170913;0000;16;;;
170914;0000;28;;;
170915;0000;35;;;
170916;0000;31;;;
170917;0000;33;;;
170918;0000;42;;;
170919;0000;13;;;
170920;0000;15;;;
170921;0000;21;;;
170922;0000;26;;;
170923;0000;21;;;
170924;0000;19;;;
170925;0000;20;;;
170926;0000;27;;;
170927;0000;32;;;
170928;0000;34;;;
170929;0000;33;;;
170930;0000;16;;;
171001;0000;12;;;
171002;0000;18;;;
171003;0000;18;;;
171004;0000;9;;;
171005;0000;6;;;
171006;0000;22;;;
171007;0000;19;;;
171008;0000;13;;;
171009;0000;16;;;
171010;0000;10;;;
171011;0000;11;;;
171012;0000;11;;;
171013;0000;15;;;
171014;0000;20;;;
171015;0000;22;;;
171016;0000;17;;;
171017;0000;21;;;
171018;0000;19;;;
171019;0000;17;;;
171020;0000;20;;;
171021;0000;30;;;
171022;0000;15;;;
171023;0000;11;;;
171024;0000;9;;;
171025;0000;13;;;
171026;0000;13;;;
171027;0000;16;;;
171028;0000;8;;;
171029;0000;7;;;
171030;0000;10;;;
171031;0000;11;;;
171101;0000;10;;;
171102;0000;9;;;
171103;0000;13;;;
171104;0000;16;;;
171105;0000;12;;;
171106;0000;12;;;
171107;0000;18;;;
171108;0000;14;;;
171109;0000;9;;;
171110;0000;13;;;
171111;0000;18;;;
171112;0000;17;;;
171113;0000;15;;;
171114;0000;13;;;
171115;0000;9;;;
171116;0000;12;;;
171117;0000;10;;;
171118;0000;12;;;
171119;0000;11;;;
171120;0000;9;;;
171121;0000;10;;;
171122;0000;15;;;
171123;0000;15;;;
171124;0000;12;;;
171125;0000;17;;;
171126;0000;16;;;
171127;0000;17;;;
171128;0000;;;;
171129;0000;;;;
171130;0000;;;;
171201;0000;17;;;
171202;0000;16;;;
171203;0000;12;;;
171204;0000;13;;;
171205;0000;18;;;
171206;0000;20;;;
171207;0000;17;;;
171208;0000;17;;;
171209;0000;14;;;
171210;0000;18;;;
171211;0000;19;;;
171212;0000;13;;;
171213;0000;9;;;
171214;0000;13;;;
171215;0000;12;;;
171216;0000;10;;;
171217;0000;12;;;
171218;0000;15;;;
171219;0000;;;;
171220;0000;16;;;
171221;0000;13;;;
171222;0000;14;;;
171223;0000;15;;;
171224;0000;16;;;
171225;0000;16;;;
171226;0000;9;;;
171227;0000;9;;;
171228;0000;11;;;
171229;0000;11;;;
171230;0000;12;;;
171231;0000;11;;;
180101;0000;13;;;
180102;0000;12;;;
180103;0000;10;;;
180104;0000;8;;;
180105;0000;8;;;
180106;0000;16;;;
180107;0000;16;;;
180108;0000;11;;;
180109;0000;12;;;
180110;0000;17;;;
180111;0000;15;;;
180112;0000;15;;;
180113;0000;16;;;
180114;0000;16;;;
180115;0000;14;;;
180116;0000;11;;;
180117;0000;14;;;
180118;0000;;;;
180119;0000;;;;
180120;0000;15;;;
180121;0000;13;;;
180122;0000;15;;;
180123;0000;16;;;
180124;0000;16;;;
180125;0000;15;;;
180126;0000;17;;;
180127;0000;16;;;
180128;0000;13;;;
180129;0000;14;;;
180130;0000;18;;;
180131;0000;19;;;
180201;0000;20;;;
180202;0000;22;;;
180203;0000;21;;;
180204;0000;18;;;
180205;0000;17;;;
180206;0000;17;;;
180207;0000;16;;;
180208;0000;16;;;
180209;0000;15;;;
180210;0000;11;;;
180211;0000;14;;;
180212;0000;17;;;
180213;0000;20;;;
180214;0000;21;;;
180215;0000;22;;;
180216;0000;21;;;
180217;0000;18;;;
180218;0000;10;;;
180219;0000;10;;;
180220;0000;8;;;
180221;0000;;;;
180222;0000;;;;
180223;0000;;;;
180224;0000;;;;
180225;0000;;;;
180226;0000;;;;
180227;0000;21;;;
180228;0000;16;;;
180301;0000;;;;
180302;0000;;;;
180303;0000;;;;
180304;0000;;;;
180305;0000;;;;
180306;0000;;;;
180307;0000;;;;
180308;0000;;;;
180309;0000;;;;
180310;0000;;;;
180311;0000;;;;
180312;0000;;;;
180313;0000;;;;
180314;0000;;;;
180315;0000;;;;
180316;0000;16;;;
180317;0000;11;;;
180318;0000;7;;;
180319;0000;;;;
180320;0000;22;;;
180321;0000;19;;;
180322;0000;14;;;
180323;0000;13;;;
180324;0000;19;;;
180325;0000;14;;;
180326;0000;20;;;
180327;0000;22;;;
180328;0000;28;;;
180329;0000;26;;;
180330;0000;19;;;
180331;0000;13;;;
180401;0000;14;;;
180402;0000;22;;;
180403;0000;26;;;
180404;0000;24;;;
180405;0000;22;;;
180406;0000;16;;;
180407;0000;23;;;
180408;0000;21;;;
180409;0000;15;;;
180410;0000;16;;;
180411;0000;9;;;
180412;0000;20;;;
180413;0000;24;;;
180414;0000;34;;;
180415;0000;30;;;
180416;0000;32;;;
180417;0000;31;;;
180418;0000;27;;;
180419;0000;32;;;
180420;0000;34;;;
180421;0000;37;;;
180422;0000;28;;;
180423;0000;28;;;
180424;0000;32;;;
180425;0000;28;;;
180426;0000;23;;;
180427;0000;30;;;
180428;0000;38;;;
180429;0000;34;;;
180430;0000;54;;;
180501;0000;43;;;
180502;0000;31;;;
180503;0000;33;;;
180504;0000;36;;;
180505;0000;29;;;
180506;0000;18;;;
180507;0000;13;;;
180508;0000;22;;;
180509;0000;21;;;
180510;0000;24;;;
180511;0000;35;;;
180512;0000;31;;;
180513;0000;51;;;
180514;0000;47;;;
180515;0000;50;;;
180516;0000;45;;;
180517;0000;31;;;
180518;0000;29;;;
180519;0000;35;;;
180520;0000;30;;;
180521;0000;31;;;
180522;0000;33;;;
180523;0000;44;;;
180524;0000;42;;;
180525;0000;45;;;
180526;0000;67;;;
180527;0000;52;;;
180528;0000;;;;
180529;0000;13;;;
180530;0000;20;;;
180531;0000;21;;;
180601;0000;42;;;
180602;0000;61;;;
180603;0000;37;;;
180604;0000;52;;;
180605;0000;42;;;
180606;0000;31;;;
180607;0000;37;;;
180608;0000;51;;;
180609;0000;30;;;
180610;0000;5;;;
180611;0000;9;;;
180612;0000;25;;;
180613;0000;37;;;
180614;0000;54;;;
180615;0000;60;;;
180616;0000;48;;;
180617;0000;43;;;
180618;0000;39;;;
180619;0000;53;;;
180620;0000;52;;;
180621;0000;56;;;
180622;0000;49;;;
180623;0000;74;;;
180624;0000;59;;;
180625;0000;49;;;
180626;0000;63;;;
180627;0000;46;;;
180628;0000;39;;;
180629;0000;53;;;
180630;0000;49;;;
180701;0000;43;;;
180702;0000;25;;;
180703;0000;26;;;
180704;0000;16;;;
180705;0000;8;;;
180706;0000;16;;;
180707;0000;34;;;
180708;0000;45;;;
180709;0000;37;;;
180710;0000;38;;;
180711;0000;58;;;
180712;0000;66;;;
180713;0000;50;;;
180714;0000;38;;;
180715;0000;36;;;
180716;0000;45;;;
180717;0000;20;;;
180718;0000;15;;;
180719;0000;31;;;
180720;0000;39;;;
180721;0000;35;;;
180722;0000;37;;;
180723;0000;32;;;
180724;0000;41;;;
180725;0000;41;;;
180726;0000;55;;;
180727;0000;33;;;
180728;0000;36;;;
180729;0000;37;;;
180730;0000;35;;;
180731;0000;48;;;
180801;0000;56;;;
180802;0000;57;;;
180803;0000;60;;;
180804;0000;53;;;
180805;0000;61;;;
180806;0000;59;;;
180807;0000;13;;;
180808;0000;30;;;
180809;0000;24;;;
180810;0000;38;;;
180811;0000;44;;;
180812;0000;38;;;
180813;0000;19;;;
180814;0000;28;;;
180815;0000;31;;;
180816;0000;39;;;
180817;0000;40;;;
180818;0000;35;;;
180819;0000;33;;;
180820;0000;28;;;
180821;0000;35;;;
180822;0000;56;;;
180823;0000;25;;;
180824;0000;25;;;
180825;0000;36;;;
180826;0000;28;;;
180827;0000;27;;;
180828;0000;39;;;
180829;0000;37;;;
180830;0000;28;;;
180831;0000;31;;;
180901;0000;38;;;
180902;0000;26;;;
180903;0000;23;;;
180904;0000;25;;;
180905;0000;34;;;
180906;0000;39;;;
180907;0000;31;;;
180908;0000;34;;;
180909;0000;34;;;
180910;0000;27;;;
180911;0000;25;;;
180912;0000;32;;;
180913;0000;26;;;
180914;0000;33;;;
180915;0000;24;;;
180916;0000;22;;;
180917;0000;36;;;
180918;0000;11;;;
180919;0000;25;;;
180920;0000;39;;;
180921;0000;16;;;
180922;0000;10;;;
180923;0000;10;;;
180924;0000;24;;;
180925;0000;31;;;
180926;0000;25;;;
180927;0000;;;11;
180928;0000;;;0;
180929;0000;;;0;
180930;0000;;;0;
181001;0000;;;6;
181002;0000;18;;;
181003;0000;19;;;
181004;0000;20;;;
181005;0000;31;;;
181006;0000;25;;;
181007;0000;24;;;
181008;0000;13;;;
181009;0000;18;;;
181010;0000;30;;;
181011;0000;17;;;
181012;0000;22;;;
181013;0000;20;;;
181014;0000;20;;;
181015;0000;15;;;
181016;0000;17;;;
181017;0000;10;;;
181018;0000;8;;;
181019;0000;11;;;
181020;0000;13;;;
181021;0000;15;;;
181022;0000;14;;;
181023;0000;15;;;
181024;0000;16;;;
181025;0000;14;;;
181026;0000;16;;;
181027;0000;;;;
181028;0000;13;;;
181029;0000;11;;;
181030;0000;6;;;
181031;0000;10;;;
181101;0000;18;;;
181102;0000;6;;;
181103;0000;12;;;
181104;0000;7;;;
181105;0000;10;;;
181106;0000;12;;;
181107;0000;14;;;
181108;0000;13;;;
181109;0000;9;;;
181110;0000;7;;;
181111;0000;5;;;
181112;0000;5;;;
181113;0000;11;;;
181114;0000;10;;;
181115;0000;10;;;
181116;0000;9;;;
181117;0000;11;;;
181118;0000;10;;;
181119;0000;11;;;
181120;0000;12;;;
181121;0000;;;;
181122;0000;;;;
181123;0000;10;;;
181124;0000;10;;;
181125;0000;8;;;
181126;0000;10;;;
181127;0000;10;;;
181128;0000;14;;;
181129;0000;16;;;
181130;0000;14;;;
181201;0000;13;;;
181202;0000;11;;;
181203;0000;13;;;
181204;0000;11;;;
181205;0000;12;;;
181206;0000;13;;;
181207;0000;18;;;
181208;0000;13;;;
181209;0000;6;;;
181210;0000;8;;;
181211;0000;12;;;
181212;0000;15;;;
181213;0000;5;;;
181214;0000;9;;;
181215;0000;13;;;
181216;0000;12;;;
181217;0000;10;;;
181218;0000;13;;;
181219;0000;13;;;
181220;0000;9;;;
181221;0000;11;;;
181222;0000;15;;;
181223;0000;14;;;
181224;0000;17;;;
181225;0000;14;;;
181226;0000;13;;;
181227;0000;10;;;
181228;0000;13;;;
181229;0000;10;;;
181230;0000;7;;;
181231;0000;12;;;
190101;0000;16;;;
190102;0000;14;;;
190103;0000;20;;;
190104;0000;22;;;
190105;0000;;;;
190106;0000;;;;
190107;0000;7;;;
190108;0000;7;;;
190109;0000;6;;;
190110;0000;9;;;
190111;0000;10;;;
190112;0000;11;;;
190113;0000;6;;;
190114;0000;8;;;
190115;0000;12;;;
190116;0000;12;;;
190117;0000;8;;;
190118;0000;14;;;
190119;0000;17;;;
190120;0000;16;;;
190121;0000;14;;;
190122;0000;16;;;
190123;0000;16;;;
190124;0000;18;;;
190125;0000;20;;;
190126;0000;21;;;
190127;0000;16;;;
190128;0000;16;;;
190129;0000;14;;;
190130;0000;17;;;
190131;0000;13;;;
190201;0000;15;;;
190202;0000;19;;;
190203;0000;17;;;
190204;0000;19;;;
190205;0000;21;;;
190206;0000;20;;;
190207;0000;21;;;
190208;0000;19;;;
190209;0000;17;;;
190210;0000;15;;;
190211;0000;12;;;
190212;0000;12;;;
190213;0000;9;;;
190214;0000;19;;;
190215;0000;24;;;
190216;0000;18;;;
190217;0000;20;;;
190218;0000;20;;;
190219;0000;23;;;
190220;0000;20;;;
190221;0000;15;;;
190222;0000;13;;;
190223;0000;13;;;
190224;0000;10;;;
190225;0000;10;;;
190226;0000;13;;;
190227;0000;17;;;
190228;0000;18;;;
190301;0000;19;;;
190302;0000;19;;;
190303;0000;14;;;
190304;0000;11;;;
190305;0000;13;;;
190306;0000;14;;;
190307;0000;10;;;
190308;0000;14;;;
190309;0000;15;;;
190310;0000;10;;;
190311;0000;14;;;
190312;0000;16;;;
190313;0000;18;;;
190314;0000;19;;;
190315;0000;16;;;
190316;0000;15;;;
190317;0000;16;;;
190318;0000;14;;;
190319;0000;14;;;
190320;0000;;;;
190321;0000;;;;
190322;0000;;;;
190323;0000;;;;
190324;0000;;;;
190325;0000;21;;;
190326;0000;;;;
190327;0000;25;;;
190328;0000;22;;;
190329;0000;28;;;
190330;0000;41;;;
190331;0000;22;;;
190401;0000;25;;;
190402;0000;30;;;
190403;0000;33;;;
190404;0000;31;;;
190405;0000;24;;;
190406;0000;27;;;
190407;0000;20;;;
190408;0000;29;;;
190409;0000;25;;;
190410;0000;31;;;
190411;0000;31;;;
190412;0000;42;;;
190413;0000;58;;;
190414;0000;53;;;
190415;0000;33;;;
190416;0000;27;;;
190417;0000;31;;;
190418;0000;31;;;
190419;0000;26;;;
190420;0000;36;;;
190421;0000;28;;;
190422;0000;27;;;
190423;0000;34;;;
190424;0000;32;;;
190425;0000;33;;;
190426;0000;41;;;
190427;0000;46;;;
190428;0000;40;;;
190429;0000;27;;;
190430;0000;28;;;
190501;0000;27;;;
190502;0000;27;;;
190503;0000;30;;;
190504;0000;20;;;
190505;0000;27;;;
190506;0000;35;;;
190507;0000;37;;;
190508;0000;46;;;
190509;0000;25;;;
190510;0000;34;;;
190511;0000;42;;;
190512;0000;40;;;
190513;0000;35;;;
190514;0000;38;;;
190515;0000;41;;;
190516;0000;52;;;
190517;0000;36;;;
190518;0000;25;;;
190519;0000;29;;;
190520;0000;20;;;
190521;0000;20;;;
190522;0000;27;;;
190523;0000;31;;;
190524;0000;44;;;
190525;0000;33;;;
190526;0000;29;;;
190527;0000;21;;;
190528;0000;28;;;
190529;0000;10;;;
190530;0000;10;;;
190531;0000;18;;;
190601;0000;36;;;
190602;0000;34;;;
190603;0000;36;;;
190604;0000;47;;;
190605;0000;35;;;
190606;0000;13;;;
190607;0000;26;;;
190608;0000;40;;;
190609;0000;44;;;
190610;0000;49;;;
190611;0000;39;;;
190612;0000;21;;;
190613;0000;7;;;
190614;0000;14;;;
190615;0000;15;;;
190616;0000;39;;;
190617;0000;32;;;
190618;0000;32;;;
190619;0000;43;;;
190620;0000;26;;;
190621;0000;72;;;
190622;0000;74;;;
190623;0000;70;;;
190624;0000;28;;;
190625;0000;25;;;
190626;0000;45;;;
190627;0000;69;;;
190628;0000;37;;;
190629;0000;16;;;
190630;0000;29;;;
190701;0000;39;;;
190702;0000;47;;;
190703;0000;49;;;
190704;0000;41;;;
190705;0000;54;;;
190706;0000;48;;;
190707;0000;56;;;
190708;0000;63;;;
190709;0000;56;;;
190710;0000;59;;;
190711;0000;62;;;
190712;0000;64;;;
190713;0000;69;;;
190714;0000;58;;;
190715;0000;53;;;
190716;0000;55;;;
190717;0000;64;;;
190718;0000;55;;;
190719;0000;55;;;
190720;0000;49;;;
190721;0000;13;;;
190722;0000;18;;;
190723;0000;33;;;
190724;0000;33;;;
190725;0000;43;;;
190726;0000;51;;;
190727;0000;70;;;
190728;0000;49;;;
190729;0000;34;;;
190730;0000;34;;;
190731;0000;20;;;
190801;0000;16;;;
190802;0000;28;;;
190803;0000;38;;;
190804;0000;29;;;
190805;0000;32;;;
190806;0000;33;;;
190807;0000;27;;;
190808;0000;28;;;
190809;0000;40;;;
190810;0000;50;;;
190811;0000;32;;;
190812;0000;20;;;
190813;0000;39;;;
190814;0000;22;;;
190815;0000;43;;;
190816;0000;38;;;
190817;0000;33;;;
190818;0000;45;;;
190819;0000;51;;;
190820;0000;26;;;
190821;0000;42;;;
190822;0000;36;;;
190823;0000;31;;;
190824;0000;40;;;
190825;0000;31;;;
190826;0000;26;;;
190827;0000;29;;;
190828;0000;23;;;
190829;0000;10;;;
190830;0000;23;;;
190831;0000;29;;;
190901;0000;25;;;
190902;0000;19;;;
190903;0000;;;;
190904;0000;24;;;
190905;0000;12;;;
190906;0000;12;;;
190907;0000;11;;;
190908;0000;17;;;
190909;0000;9;;;
190910;0000;15;;;
190911;0000;14;;;
190912;0000;22;;;
190913;0000;23;;;
190914;0000;31;;;
190915;0000;10;;;
190916;0000;13;;;
190917;0000;18;;;
190918;0000;26;;;
190919;0000;16;;;
190920;0000;17;;;
190921;0000;21;;;
190922;0000;16;;;
190923;0000;23;;;
190924;0000;24;;;
190925;0000;26;;;
190926;0000;32;;;
190927;0000;19;;;
190928;0000;25;;;
190929;0000;20;;;
190930;0000;9;;;
191001;0000;5;;;
191002;0000;11;;;
191003;0000;13;;;
191004;0000;17;;;
191005;0000;21;;;
191006;0000;17;;;
191007;0000;;;;
191008;0000;;;;
191009;0000;;;;
191010;0000;;;;
191011;0000;;;;
191012;0000;;;;
191013;0000;;;;
191014;0000;;;;
191015;0000;;;;
191016;0000;;;16;
191017;0000;15;;;
191018;0000;21;;;
191019;0000;30;;;
191020;0000;17;;;
191021;0000;34;;;
191022;0000;24;;;
191023;0000;19;;;
191024;0000;20;;;
191025;0000;17;;;
191026;0000;17;;;
191027;0000;10;;;
191028;0000;7;;;
191029;0000;9;;;
191030;0000;12;;;
191031;0000;13;;;
191101;0000;9;;;
191102;0000;15;;;
191103;0000;15;;;
191104;0000;15;;;
191105;0000;16;;;
191106;0000;17;;;
191107;0000;16;;;
191108;0000;21;;;
191109;0000;21;;;
191110;0000;20;;;
191111;0000;21;;;
191112;0000;18;;;
191113;0000;23;;;
191114;0000;25;;;
191115;0000;27;;;
191116;0000;19;;;
191117;0000;14;;;
191118;0000;20;;;
191119;0000;21;;;
191120;0000;19;;;
191121;0000;;;;
191122;0000;;;;
191123;0000;;;;
191124;0000;13;;;
191125;0000;9;;;
191126;0000;13;;;
191127;0000;19;;;
191128;0000;18;;;
191129;0000;16;;;
191130;0000;18;;;
191201;0000;15;;;
191202;0000;21;;;
191203;0000;17;;;
191204;0000;16;;;
191205;0000;17;;;
191206;0000;21;;;
191207;0000;15;;;
191208;0000;13;;;
191209;0000;15;;;
191210;0000;14;;;
191211;0000;14;;;
191212;0000;14;;;
191213;0000;15;;;
191214;0000;14;;;
191215;0000;11;;;
191216;0000;14;;;
191217;0000;20;;;
191218;0000;18;;;
191219;0000;13;;;
191220;0000;12;;;
191221;0000;16;;;
191222;0000;18;;;
191223;0000;14;;;
191224;0000;12;;;
191225;0000;8;;;
191226;0000;12;;;
191227;0000;16;;;
191228;0000;17;;;
191229;0000;15;;;
191230;0000;16;;;
191231;0000;19;;;
200101;0000;22;;;
200102;0000;19;;;
200103;0000;19;;;
200104;0000;17;;;
200105;0000;14;;;
200106;0000;15;;;
200107;0000;13;;;
200108;0000;8;;;
200109;0000;11;;;
200110;0000;12;;;
200111;0000;15;;;
200112;0000;13;;;
200113;0000;15;;;
200114;0000;16;;;
200115;0000;14;;;
200116;0000;19;;;
200117;0000;22;;;
200118;0000;23;;;
200119;0000;19;;;
200120;0000;18;;;
200121;0000;21;;;
200122;0000;17;;;
200123;0000;13;;;
200124;0000;;;;
200125;0000;15;;;
200126;0000;14;;;
200127;0000;14;;;
200128;0000;16;;;
200129;0000;9;;;
200130;0000;17;;;
200131;0000;17;;;
200201;0000;16;;;
200202;0000;13;;;
200203;0000;9;;;
200204;0000;8;;;
200205;0000;12;;;
200206;0000;12;;;
200207;0000;20;;;
200208;0000;20;;;
200209;0000;18;;;
200210;0000;;;;
200211;0000;;;;
200212;0000;26;;;
200213;0000;19;;;
200214;0000;28;;;
200215;0000;26;;;
200216;0000;;;;
200217;0000;16;;;
200218;0000;20;;;
200219;0000;23;;;
200220;0000;24;;;
200221;0000;22;;;
200222;0000;20;;;
200223;0000;16;;;
200224;0000;18;;;
200225;0000;19;;;
200226;0000;17;;;
200227;0000;18;;;
200228;0000;23;;;
200229;0000;29;;;
200301;0000;17;;;
200302;0000;20;;;
200303;0000;22;;;
200304;0000;23;;;
200305;0000;24;;;
200306;0000;24;;;
200307;0000;22;;;
200308;0000;16;;;
200309;0000;18;;;
200310;0000;20;;;
200311;0000;16;;;
200312;0000;15;;;
200313;0000;;;9;
200314;0000;;;;
200315;0000;;;;
200316;0000;;;;
200317;0000;;;;
200318;0000;;;;
200319;0000;;;;
200320;0000;;;;
200321;0000;;;;
200322;0000;;;;
200323;0000;9;;;
200324;0000;8;;;
200325;0000;10;;;
200326;0000;15;;;
200327;0000;19;;;
200328;0000;26;;;
200329;0000;24;;;
200330;0000;20;;;
200331;0000;17;;;
200401;0000;19;;;
200402;0000;18;;;
200403;0000;25;;;
200404;0000;26;;;
200405;0000;16;;;
200406;0000;16;;;
200407;0000;16;;;
200408;0000;23;;;
200409;0000;29;;;
200410;0000;26;;;
200411;0000;25;;;
200412;0000;26;;;
200413;0000;22;;;
200414;0000;22;;;
200415;0000;28;;;
200416;0000;39;;;
200417;0000;32;;;
200418;0000;25;;;
200419;0000;17;;;
200420;0000;23;;;
200421;0000;17;;;
200422;0000;24;;;
200423;0000;27;;;
200424;0000;19;;;
200425;0000;23;;;
200426;0000;12;;;
200427;0000;7;;;
200428;0000;14;;;
200429;0000;19;;;
200430;0000;25;;;
200501;0000;34;;;
200502;0000;31;;;
200503;0000;36;;;
200504;0000;26;;;
200505;0000;22;;;
200506;0000;21;;;
200507;0000;;;;
200508;0000;;;;
200509;0000;40;;;
200510;0000;27;;;
200511;0000;22;;;
200512;0000;29;;;
200513;0000;34;;;
200514;0000;25;;;
200515;0000;25;;;
200516;0000;21;;;
200517;0000;22;;;
200518;0000;29;;;
200519;0000;35;;;
200520;0000;28;;;
200521;0000;22;;;
200522;0000;29;;;
200523;0000;32;;;
200524;0000;22;;;
200525;0000;22;;;
200526;0000;24;;;
200527;0000;38;;;
200528;0000;38;;;
200529;0000;37;;;
200530;0000;49;;;
200531;0000;49;;;
200601;0000;30;;;
200602;0000;39;;;
200603;0000;13;;;
200604;0000;24;;;
200605;0000;36;;;
200606;0000;40;;;
200607;0000;39;;;
200608;0000;34;;;
200609;0000;36;;;
200610;0000;43;;;
200611;0000;38;;;
200612;0000;16;;;
200613;0000;28;;;
200614;0000;20;;;
200615;0000;25;;;
200616;0000;37;;;
200617;0000;18;;;
200618;0000;32;;;
200619;0000;21;;;
200620;0000;23;;;
200621;0000;40;;;
200622;0000;36;;;
200623;0000;5;;;
200624;0000;7;;;
200625;0000;22;;;
200626;0000;24;;;
200627;0000;39;;;
200628;0000;28;;;
200629;0000;13;;;
200630;0000;21;;;
200701;0000;15;;;
200702;0000;28;;;
200703;0000;30;;;
200704;0000;12;;;
200705;0000;10;;;
200706;0000;26;;;
200707;0000;38;;;
200708;0000;23;;;
200709;0000;28;;;
200710;0000;48;;;
200711;0000;50;;;
200712;0000;66;;;
200713;0000;44;;;
200714;0000;26;;;
200715;0000;33;;;
200716;0000;65;;;
200717;0000;59;;;
200718;0000;35;;;
200719;0000;25;;;
200720;0000;10;;;
200721;0000;6;;;
200722;0000;14;;;
200723;0000;21;;;
200724;0000;26;;;
200725;0000;42;;;
200726;0000;54;;;
200727;0000;48;;;
200728;0000;33;;;
200729;0000;36;;;
200730;0000;28;;;
200731;0000;49;;;
200801;0000;33;;;
200802;0000;36;;;
200803;0000;45;;;
200804;0000;52;;;
200805;0000;21;;;
200806;0000;24;;;
200807;0000;42;;;
200808;0000;44;;;
200809;0000;34;;;
200810;0000;19;;;
200811;0000;23;;;
200812;0000;32;;;
200813;0000;32;;;
200814;0000;34;;;
200815;0000;47;;;
200816;0000;32;;;
200817;0000;25;;;
200818;0000;23;;;
200819;0000;34;;;
200820;0000;30;;;
200821;0000;27;;;
200822;0000;28;;;
200823;0000;16;;;
200824;0000;8;;;
200825;0000;9;;;
200826;0000;8;;;
200827;0000;16;;;
200828;0000;22;;;
200829;0000;21;;;
200830;0000;25;;;
200831;0000;18;;;
200901;0000;18;;;
200902;0000;32;;;
200903;0000;33;;;
200904;0000;24;;;
200905;0000;26;;;
200906;0000;23;;;
200907;0000;20;;;
200908;0000;24;;;
200909;0000;28;;;
200910;0000;18;;;
200911;0000;15;;;
200912;0000;24;;;
200913;0000;21;;;
200914;0000;15;;;
200915;0000;25;;;
200916;0000;30;;;
200917;0000;28;;;
200918;0000;25;;;
200919;0000;24;;;
200920;0000;21;;;
200921;0000;20;;;
200922;0000;19;;;
200923;0000;18;;;
200924;0000;19;;;
200925;0000;15;;;
200926;0000;12;;;
200927;0000;12;;;
200928;0000;12;;;
200929;0000;13;;;
200930;0000;8;;;
201001;0000;12;;;
201002;0000;15;;;
201003;0000;8;;;
201004;0000;10;;;
201005;0000;11;;;
201006;0000;15;;;
201007;0000;16;;;
201008;0000;13;;;
201009;0000;17;;;
201010;0000;17;;;
201011;0000;16;;;
201012;0000;13;;;
201013;0000;16;;;
201014;0000;20;;;
201015;0000;23;;;
201016;0000;21;;;
201017;0000;20;;;
201018;0000;14;;;
201019;0000;14;;;
201020;0000;10;;;
201021;0000;11;;;
201022;0000;16;;;
201023;0000;17;;;
201024;0000;11;;;
201025;0000;7;;;
201026;0000;13;;;
201027;0000;9;;;
201028;0000;12;;;
201029;0000;11;;;
201030;0000;14;;;
201031;0000;18;;;
201101;0000;16;;;
201102;0000;15;;;
201103;0000;16;;;
201104;0000;14;;;
201105;0000;12;;;
201106;0000;16;;;
201107;0000;15;;;
201108;0000;16;;;
201109;0000;14;;;
201110;0000;14;;;
201111;0000;14;;;
201112;0000;14;;;
201113;0000;14;;;
201114;0000;9;;;
201115;0000;10;;;
201116;0000;8;;;
201117;0000;14;;;
201118;0000;16;;;
201119;0000;13;;;
201120;0000;9;;;
201121;0000;8;;;
201122;0000;9;;;
201123;0000;8;;;
201124;0000;8;;;
201125;0000;9;;;
201126;0000;12;;;
201127;0000;14;;;
201128;0000;13;;;
201129;0000;8;;;
201130;0000;9;;;
201201;0000;11;;;
201202;0000;13;;;
201203;0000;10;;;
201204;0000;12;;;
201205;0000;14;;;
201206;0000;15;;;
201207;0000;12;;;
201208;0000;9;;;
201209;0000;9;;;
201210;0000;8;;;
201211;0000;9;;;
201212;0000;9;;;
201213;0000;6;;;
201214;0000;6;;;
201215;0000;8;;;
201216;0000;12;;;
201217;0000;13;;;
201218;0000;9;;;
201219;0000;7;;;
201220;0000;7;;;
201221;0000;11;;;
201222;0000;12;;;
201223;0000;14;;;
201224;0000;17;;;
201225;0000;15;;;
201226;0000;10;;;
201227;0000;10;;;
201228;0000;8;;;
201229;0000;9;;;
201230;0000;9;;;
201231;0000;21;;;
210101;0000;28;;;
210102;0000;12;;;
210103;0000;11;;;
210104;0000;9;;;
210105;0000;11;;;
210106;0000;14;;;
210107;0000;13;;;
210108;0000;12;;;
210109;0000;13;;;
210110;0000;5;;;
210111;0000;6;;;
210112;0000;9;;;
210113;0000;8;;;
210114;0000;11;;;
210115;0000;12;;;
210116;0000;10;;;
210117;0000;10;;;
210118;0000;12;;;
210119;0000;17;;;
210120;0000;20;;;
210121;0000;17;;;
210122;0000;17;;;
210123;0000;16;;;
210124;0000;12;;;
210125;0000;14;;;
210126;0000;13;;;
210127;0000;13;;;
210128;0000;13;;;
210129;0000;9;;;
210130;0000;6;;;
210131;0000;4;;;
210201;0000;8;;;
210202;0000;13;;;
210203;0000;13;;;
210204;0000;16;;;
210205;0000;20;;;
210206;0000;17;;;
210207;0000;19;;;
210208;0000;9;;;
210209;0000;12;;;
210210;0000;14;;;
210211;0000;17;;;
210212;0000;20;;;
210213;0000;15;;;
210214;0000;12;;;
210215;0000;11;;;
210216;0000;13;;;
210217;0000;13;;;
210218;0000;8;;;
210219;0000;9;;;
210220;0000;9;;;
210221;0000;10;;;
210222;0000;10;;;
210223;0000;10;;;
210224;0000;12;;;
210225;0000;16;;;
210226;0000;17;;;
210227;0000;19;;;
210228;0000;13;;;
210301;0000;11;;;
210302;0000;15;;;
210303;0000;15;;;
210304;0000;16;;;
210305;0000;13;;;
210306;0000;13;;;
210307;0000;12;;;
210308;0000;13;;;
210309;0000;14;;;
210310;0000;15;;;
210311;0000;;;48;
210312;0000;;;1;
210313;0000;;;0;
210314;0000;;;0;
210315;0000;;;;
210316;0000;;;;
210317;0000;11;;;
210318;0000;13;;;
210319;0000;10;;;
210320;0000;8;;;
210321;0000;6;;;
210322;0000;10;;;
210323;0000;16;;;
210324;0000;19;;;
210325;0000;17;;;
210326;0000;19;;;
210327;0000;17;;;
210328;0000;15;;;
210329;0000;23;;;
210330;0000;26;;;
210331;0000;24;;;
210401;0000;30;;;
210402;0000;34;;;
210403;0000;25;;;
210404;0000;21;;;
210405;0000;19;;;
210406;0000;14;;;
210407;0000;11;;;
210408;0000;10;;;
210409;0000;9;;;
210410;0000;13;;;
210411;0000;15;;;
210412;0000;15;;;
210413;0000;17;;;
210414;0000;21;;;
210415;0000;24;;;
210416;0000;24;;;
210417;0000;21;;;
210418;0000;35;;;
210419;0000;26;;;
210420;0000;20;;;
210421;0000;7;;;
210422;0000;15;;;
210423;0000;20;;;
210424;0000;31;;;
210425;0000;27;;;
210426;0000;23;;;
210427;0000;32;;;
210428;0000;42;;;
210429;0000;33;;;
210430;0000;41;;;
210501;0000;45;;;
210502;0000;39;;;
210503;0000;16;;;
210504;0000;19;;;
210505;0000;21;;;
210506;0000;22;;;
210507;0000;17;;;
210508;0000;34;;;
210509;0000;38;;;
210510;0000;29;;;
210511;0000;31;;;
210512;0000;37;;;
210513;0000;54;;;
210514;0000;64;;;
210515;0000;85;;;
210516;0000;88;;;
210517;0000;51;;;
210518;0000;47;;;
210519;0000;37;;;
210520;0000;16;;;
210521;0000;15;;;
210522;0000;30;;;
210523;0000;31;;;
210524;0000;28;;;
210525;0000;25;;;
210526;0000;47;;;
210527;0000;42;;;
210528;0000;30;;;
210529;0000;39;;;
210530;0000;43;;;
210531;0000;27;;;
210601;0000;34;;;
210602;0000;30;;;
210603;0000;25;;;
210604;0000;27;;;
210605;0000;32;;;
210606;0000;43;;;
210607;0000;43;;;
210608;0000;34;;;
210609;0000;23;;;
210610;0000;28;;;
210611;0000;38;;;
210612;0000;42;;;
210613;0000;36;;;
210614;0000;52;;;
210615;0000;36;;;
210616;0000;31;;;
210617;0000;37;;;
210618;0000;45;;;
210619;0000;76;;;
210620;0000;65;;;
210621;0000;52;;;
210622;0000;29;;;
210623;0000;19;;;
210624;0000;31;;;
210625;0000;16;;;
210626;0000;20;;;
210627;0000;41;;;
210628;0000;26;;;
210629;0000;27;;;
210630;0000;42;;;
210701;0000;49;;;
210702;0000;56;;;
210703;0000;64;;;
210704;0000;63;;;
210705;0000;55;;;
210706;0000;37;;;
210707;0000;37;;;
210708;0000;39;;;
210709;0000;54;;;
210710;0000;73;;;
210711;0000;53;;;
210712;0000;47;;;
210713;0000;62;;;
210714;0000;74;;;
210715;0000;67;;;
210716;0000;52;;;
210717;0000;61;;;
210718;0000;31;;;
210719;0000;33;;;
210720;0000;43;;;
210721;0000;46;;;
210722;0000;60;;;
210723;0000;51;;;
210724;0000;46;;;
210725;0000;22;;;
210726;0000;14;;;
210727;0000;31;;;
210728;0000;26;;;
210729;0000;35;;;
210730;0000;60;;;
210731;0000;60;;;
210801;0000;49;;;
210802;0000;31;;;
210803;0000;49;;;
210804;0000;60;;;
210805;0000;66;;;
210806;0000;62;;;
210807;0000;54;;;
210808;0000;40;;;
210809;0000;32;;;
210810;0000;41;;;
210811;0000;41;;;
210812;0000;50;;;
210813;0000;77;;;
210814;0000;82;;;
210815;0000;73;;;
210816;0000;45;;;
210817;0000;24;;;
210818;0000;6;;;
210819;0000;4;;;
210820;0000;22;;;
210821;0000;14;;;
210822;0000;9;;;
210823;0000;14;;;
210824;0000;15;;;
210825;0000;15;;;
210826;0000;21;;;
210827;0000;38;;;
210828;0000;52;;;
210829;0000;33;;;
210830;0000;21;;;
210831;0000;33;;;
210901;0000;36;;;
210902;0000;37;;;
210903;0000;26;;;
210904;0000;24;;;
210905;0000;20;;;
210906;0000;7;;;
210907;0000;6;;;
210908;0000;14;;;
210909;0000;29;;;
210910;0000;33;;;
210911;0000;23;;;
210912;0000;3;;;
210913;0000;7;;;
210914;0000;16;;;
210915;0000;21;;;
210916;0000;24;;;
210917;0000;23;;;
210918;0000;24;;;
210919;0000;18;;;
210920;0000;16;;;
210921;0000;17;;;
210922;0000;14;;;
210923;0000;19;;;
210924;0000;18;;;
210925;0000;19;;;
210926;0000;16;;;
210927;0000;14;;;
210928;0000;12;;;
210929;0000;10;;;
210930;0000;7;;;
211001;0000;11;;;
211002;0000;8;;;
211003;0000;15;;;
211004;0000;14;;;
211005;0000;13;;;
211006;0000;16;;;
211007;0000;;;;
211008;0000;;;;
211009;0000;15;;;
211010;0000;12;;;
211011;0000;15;;;
211012;0000;18;;;
211013;0000;9;;;
211014;0000;10;;;
211015;0000;15;;;
211016;0000;15;;;
211017;0000;14;;;
211018;0000;13;;;
211019;0000;17;;;
211020;0000;21;;;
211021;0000;25;;;
211022;0000;13;;;
211023;0000;14;;;
211024;0000;15;;;
211025;0000;12;;;
211026;0000;17;;;
211027;0000;16;;;
211028;0000;17;;;
211029;0000;19;;;
211030;0000;17;;;
211031;0000;16;;;
211101;0000;17;;;
211102;0000;16;;;
211103;0000;12;;;
211104;0000;10;;;
211105;0000;14;;;
211106;0000;13;;;
211107;0000;15;;;
211108;0000;13;;;
211109;0000;15;;;
211110;0000;14;;;
211111;0000;13;;;
211112;0000;12;;;
211113;0000;6;;;
211114;0000;15;;;
211115;0000;8;;;
211116;0000;12;;;
211117;0000;13;;;
211118;0000;13;;;
211119;0000;13;;;
211120;0000;13;;;
211121;0000;14;;;
211122;0000;14;;;
211123;0000;17;;;
211124;0000;14;;;
211125;0000;14;;;
211126;0000;15;;;
211127;0000;10;;;
211128;0000;11;;;
211129;0000;11;;;
211130;0000;7;;;
211201;0000;11;;;
211202;0000;13;;;
211203;0000;15;;;
211204;0000;16;;;
211205;0000;16;;;
211206;0000;17;;;
211207;0000;15;;;
211208;0000;14;;;
211209;0000;14;;;
211210;0000;16;;;
211211;0000;10;;;
211212;0000;6;;;
211213;0000;9;;;
211214;0000;11;;;
211215;0000;11;;;
211216;0000;;;;
211217;0000;;;;
211218;0000;15;;;
211219;0000;17;;;
211220;0000;17;;;
211221;0000;18;;;
211222;0000;19;;;
211223;0000;16;;;
211224;0000;18;;;
211225;0000;20;;;
211226;0000;19;;;
211227;0000;27;;;
211228;0000;21;;;
211229;0000;13;;;
211230;0000;14;;;
211231;0000;13;;;
220101;0000;12;;;
220102;0000;8;;;
220103;0000;11;;;
220104;0000;9;;;
220105;0000;14;;;
220106;0000;17;;;
220107;0000;17;;;
220108;0000;;;;
220109;0000;;;;
220110;0000;;;;
220111;0000;12;;;
220112;0000;12;;;
220113;0000;13;;;
220114;0000;11;;;
220115;0000;11;;;
220116;0000;9;;;
220117;0000;7;;;
220118;0000;9;;;
220119;0000;10;;;
220120;0000;9;;;
220121;0000;10;;;
220122;0000;5;;;
220123;0000;10;;;
220124;0000;10;;;
220125;0000;11;;;
220126;0000;12;;;
220127;0000;13;;;
220128;0000;13;;;
220129;0000;14;;;
220130;0000;13;;;
220131;0000;13;;;
220201;0000;11;;;
220202;0000;14;;;
220203;0000;9;;;
220204;0000;10;;;
220205;0000;11;;;
220206;0000;12;;;
220207;0000;12;;;
220208;0000;15;;;
220209;0000;18;;;
220210;0000;21;;;
220211;0000;20;;;
220212;0000;25;;;
220213;0000;19;;;
220214;0000;20;;;
220215;0000;19;;;
220216;0000;17;;;
220217;0000;17;;;
220218;0000;20;;;
220219;0000;16;;;
220220;0000;13;;;
220221;0000;10;;;
220222;0000;6;;;
220223;0000;5;;;
220224;0000;10;;;
220225;0000;11;;;
220226;0000;11;;;
220227;0000;6;;;
220228;0000;10;;;
220301;0000;16;;;
220302;0000;18;;;
220303;0000;17;;;
220304;0000;13;;;
220305;0000;13;;;
220306;0000;8;;;
220307;0000;8;;;
220308;0000;9;;;
220309;0000;12;;;
220310;0000;;;;
220311;0000;;;;
220312;0000;;;;
220313;0000;;;;
220314;0000;;;;
220315;0000;;;;
220316;0000;;;;
220317;0000;;;;
220318;0000;;;;
220319;0000;;;;
220320;0000;;;;
220321;0000;;;;
220322;0000;16;;;
220323;0000;9;;;
220324;0000;16;;;
220325;0000;16;;;
220326;0000;24;;;
220327;0000;23;;;
220328;0000;18;;;
220329;0000;17;;;
220330;0000;18;;;
220331;0000;16;;;
220401;0000;22;;;
220402;0000;22;;;
220403;0000;21;;;
220404;0000;19;;;
220405;0000;19;;;
220406;0000;20;;;
220407;0000;22;;;
220408;0000;22;;;
220409;0000;15;;;
220410;0000;14;;;
220411;0000;13;;;
220412;0000;17;;;
220413;0000;22;;;
220414;0000;21;;;
220415;0000;27;;;
220416;0000;43;;;
220417;0000;32;;;
220418;0000;31;;;
220419;0000;29;;;
220420;0000;26;;;
220421;0000;25;;;
220422;0000;29;;;
220423;0000;23;;;
220424;0000;14;;;
220425;0000;8;;;
220426;0000;7;;;
220427;0000;13;;;
220428;0000;28;;;
220429;0000;46;;;
220430;0000;44;;;
220501;0000;37;;;
220502;0000;35;;;
220503;0000;35;;;
220504;0000;33;;;
220505;0000;57;;;
220506;0000;64;;;
220507;0000;47;;;
220508;0000;40;;;
220509;0000;49;;;
220510;0000;48;;;
220511;0000;66;;;
220512;0000;70;;;
220513;0000;57;;;
220514;0000;59;;;
220515;0000;43;;;
220516;0000;51;;;
220517;0000;70;;;
220518;0000;71;;;
220519;0000;41;;;
220520;0000;32;;;
220521;0000;40;;;
220522;0000;42;;;
220523;0000;27;;;
220524;0000;28;;;
220525;0000;33;;;
220526;0000;46;;;
220527;0000;80;;;
220528;0000;97;;;
220529;0000;70;;;
220530;0000;49;;;
220531;0000;45;;;
220601;0000;37;;;
220602;0000;45;;;
220603;0000;26;;;
220604;0000;16;;;
220605;0000;15;;;
220606;0000;28;;;
220607;0000;43;;;
220608;0000;52;;;
220609;0000;69;;;
220610;0000;60;;;
220611;0000;64;;;
220612;0000;83;;;
220613;0000;71;;;
220614;0000;52;;;
220615;0000;47;;;
220616;0000;52;;;
220617;0000;52;;;
220618;0000;74;;;
220619;0000;81;;;
220620;0000;69;;;
220621;0000;43;;;
220622;0000;43;;;
220623;0000;20;;;
220624;0000;34;;;
220625;0000;36;;;
220626;0000;63;;;
220627;0000;33;;;
220628;0000;25;;;
220629;0000;36;;;
220630;0000;35;;;
220701;0000;13;;;
220702;0000;32;;;
220703;0000;58;;;
220704;0000;38;;;
220705;0000;41;;;
220706;0000;;;;
220707;0000;;;;
220708;0000;29;;;
220709;0000;17;;;
220710;0000;8;;;
220711;0000;15;;;
220712;0000;32;;;
220713;0000;28;;;
220714;0000;9;;;
220715;0000;20;;;
220716;0000;33;;;
220717;0000;46;;;
220718;0000;34;;;
220719;0000;36;;;
220720;0000;40;;;
220721;0000;51;;;
220722;0000;52;;;
220723;0000;56;;;
220724;0000;64;;;
220725;0000;39;;;
220726;0000;31;;;
220727;0000;31;;;
220728;0000;44;;;
220729;0000;42;;;
220730;0000;48;;;
220731;0000;59;;;
220801;0000;59;;;
220802;0000;67;;;
220803;0000;42;;;
220804;0000;38;;;
220805;0000;43;;;
220806;0000;37;;;
220807;0000;12;;;
220808;0000;24;;;
220809;0000;38;;;
220810;0000;26;;;
220811;0000;36;;;
220812;0000;30;;;
220813;0000;42;;;
220814;0000;26;;;
220815;0000;7;;;
220816;0000;30;;;
220817;0000;23;;;
220818;0000;38;;;
220819;0000;;;;
220820;0000;36;;;
220821;0000;45;;;
220822;0000;37;;;
220823;0000;64;;;
220824;0000;62;;;
220825;0000;51;;;
220826;0000;51;;;
220827;0000;48;;;
220828;0000;36;;;
220829;0000;25;;;
220830;0000;33;;;
220831;0000;30;;;
220901;0000;36;;;
220902;0000;48;;;
220903;0000;39;;;
220904;0000;36;;;
220905;0000;36;;;
220906;0000;28;;;
220907;0000;16;;;
220908;0000;10;;;
220909;0000;29;;;
220910;0000;28;;;
220911;0000;17;;;
220912;0000;23;;;
220913;0000;21;;;
220914;0000;29;;;
220915;0000;31;;;
220916;0000;30;;;
220917;0000;24;;;
220918;0000;12;;;
220919;0000;17;;;
220920;0000;10;;;
220921;0000;10;;;
220922;0000;14;;;
220923;0000;22;;;
220924;0000;22;;;
220925;0000;15;;;
220926;0000;16;;;
220927;0000;18;;;
220928;0000;19;;;
220929;0000;26;;;
220930;0000;33;;;
221001;0000;29;;;
221002;0000;25;;;
221003;0000;17;;;
221004;0000;17;;;
221005;0000;13;;;
221006;0000;15;;;
221007;0000;13;;;
221008;0000;9;;;
221009;0000;12;;;
221010;0000;11;;;
221011;0000;;;;
221012;0000;;;;
221013;0000;16;;;
221014;0000;17;;;
221015;0000;16;;;
221016;0000;14;;;
221017;0000;10;;;
221018;0000;11;;;
221019;0000;10;;;
221020;0000;12;;;
221021;0000;15;;;
221022;0000;13;;;
221023;0000;13;;;
221024;0000;15;;;
221025;0000;10;;;
221026;0000;10;;;
221027;0000;12;;;
221028;0000;18;;;
221029;0000;17;;;
221030;0000;7;;;
221031;0000;13;;;
221101;0000;12;;;
221102;0000;16;;;
221103;0000;18;;;
221104;0000;22;;;
221105;0000;17;;;
221106;0000;16;;;
221107;0000;18;;;
221108;0000;18;;;
221109;0000;15;;;
221110;0000;11;;;
221111;0000;9;;;
221112;0000;7;;;
221113;0000;8;;;
221114;0000;10;;;
221115;0000;12;;;
221116;0000;15;;;
221117;0000;16;;;
221118;0000;15;;;
221119;0000;13;;;
221120;0000;14;;;
221121;0000;12;;;
221122;0000;16;;;
221123;0000;18;;;
221124;0000;13;;;
221125;0000;13;;;
221126;0000;15;;;
221127;0000;15;;;
221128;0000;14;;;
221129;0000;15;;;
221130;0000;13;;;
221201;0000;13;;;
221202;0000;13;;;
221203;0000;14;;;
221204;0000;11;;;
221205;0000;11;;;
221206;0000;13;;;
221207;0000;13;;;
221208;0000;11;;;
221209;0000;9;;;
221210;0000;13;;;
221211;0000;12;;;
221212;0000;17;;;
221213;0000;12;;;
221214;0000;11;;;
221215;0000;31;;;
221216;0000;44;;;
221217;0000;18;;;
221218;0000;13;;;
221219;0000;12;;;
221220;0000;9;;;
221221;0000;11;;;
221222;0000;9;;;
221223;0000;11;;;
221224;0000;14;;;
221225;0000;;;;
221226;0000;;;;
221227;0000;14;;;
221228;0000;16;;;
221229;0000;15;;;
221230;0000;19;;;
221231;0000;17;;;
230101;0000;21;;;
230102;0000;11;;;
230103;0000;14;;;
230104;0000;16;;;
230105;0000;17;;;
230106;0000;13;;;
230107;0000;13;;;
230108;0000;11;;;
230109;0000;11;;;
230110;0000;12;;;
230111;0000;14;;;
230112;0000;11;;;
230113;0000;12;;;
230114;0000;11;;;
230115;0000;13;;;
230116;0000;19;;;
230117;0000;17;;;
230118;0000;19;;;
230119;0000;16;;;
230120;0000;16;;;
230121;0000;14;;;
230122;0000;14;;;
230123;0000;14;;;
230124;0000;13;;;
230125;0000;12;;;
230126;0000;12;;;
230127;0000;13;;;
230128;0000;17;;;
230129;0000;12;;;
230130;0000;14;;;
230131;0000;14;;;
230201;0000;17;;;
230202;0000;22;;;
230203;0000;27;;;
230204;0000;19;;;
230205;0000;18;;;
230206;0000;47;;;
230207;0000;68;;;
230208;0000;64;;;
230209;0000;74;;;
230210;0000;61;;;
230211;0000;48;;;
230212;0000;36;;;
230213;0000;13;;;
230214;0000;16;;;
230215;0000;16;;;
230216;0000;15;;;
230217;0000;16;;;
230218;0000;14;;;
230219;0000;13;;;
230220;0000;15;;;
230221;0000;24;;;
230222;0000;25;;;
230223;0000;22;;;
230224;0000;20;;;
230225;0000;16;;;
230226;0000;17;;;
230227;0000;14;;;
230228;0000;14;;;
230301;0000;19;;;
230302;0000;16;;;
230303;0000;16;;;
230304;0000;20;;;
230305;0000;15;;;
230306;0000;19;;;
230307;0000;16;;;
230308;0000;;;;
230309;0000;;;;
230310;0000;;;;
230311;0000;;;;
230312;0000;;;;
230313;0000;;;;
230314;0000;12;;;
230315;0000;12;;;
230316;0000;11;;;
230317;0000;11;;;
230318;0000;14;;;
230319;0000;12;;;
230320;0000;13;;;
230321;0000;15;;;
230322;0000;;;;
230323;0000;20;;;
230324;0000;21;;;
230325;0000;22;;;
230326;0000;18;;;
230327;0000;24;;;
230328;0000;26;;;
230329;0000;14;;;
230330;0000;18;;;
230331;0000;18;;;
230401;0000;18;;;
230402;0000;17;;;
230403;0000;18;;;
230404;0000;17;;;
230405;0000;17;;;
230406;0000;21;;;
230407;0000;18;;;
230408;0000;17;;;
230409;0000;18;;;
230410;0000;23;;;
230411;0000;17;;;
230412;0000;13;;;
230413;0000;12;;;
230414;0000;16;;;
230415;0000;24;;;
230416;0000;26;;;
230417;0000;19;;;
230418;0000;23;;;
230419;0000;21;;;
230420;0000;17;;;
230421;0000;22;;;
230422;0000;30;;;
230423;0000;22;;;
230424;0000;28;;;
230425;0000;25;;;
230426;0000;35;;;
230427;0000;50;;;
230428;0000;41;;;
230429;0000;11;;;
230430;0000;12;;;
230501;0000;19;;;
230502;0000;30;;;
230503;0000;39;;;
230504;0000;51;;;
230505;0000;67;;;
230506;0000;71;;;
230507;0000;69;;;
230508;0000;50;;;
230509;0000;41;;;
230510;0000;36;;;
230511;0000;38;;;
230512;0000;28;;;
230513;0000;35;;;
230514;0000;37;;;
230515;0000;38;;;
230516;0000;40;;;
230517;0000;14;;;
230518;0000;23;;;
230519;0000;32;;;
230520;0000;43;;;
230521;0000;52;;;
230522;0000;23;;;
230523;0000;29;;;
230524;0000;25;;;
230525;0000;;;;
230526;0000;24;;;
230527;0000;45;;;
230528;0000;59;;;
230529;0000;62;;;
230530;0000;63;;;
230531;0000;54;;;
230601;0000;43;;;
230602;0000;32;;;
230603;0000;38;;;
230604;0000;38;;;
230605;0000;39;;;
230606;0000;46;;;
230607;0000;51;;;
230608;0000;32;;;
230609;0000;11;;;
230610;0000;21;;;
230611;0000;42;;;
230612;0000;49;;;
230613;0000;42;;;
230614;0000;41;;;
230615;0000;44;;;
230616;0000;41;;;
230617;0000;47;;;
230618;0000;39;;;
230619;0000;41;;;
230620;0000;44;;;
230621;0000;36;;;
230622;0000;15;;;
230623;0000;12;;;
230624;0000;22;;;
230625;0000;26;;;
230626;0000;22;;;
230627;0000;22;;;
230628;0000;44;;;
230629;0000;34;;;
230630;0000;38;;;
230701;0000;40;;;
230702;0000;48;;;
230703;0000;43;;;
230704;0000;24;;;
230705;0000;20;;;
230706;0000;;;;
230707;0000;40;;;
230708;0000;38;;;
230709;0000;40;;;
230710;0000;29;;;
230711;0000;33;;;
230712;0000;10;;;
230713;0000;23;;;
230714;0000;40;;;
230715;0000;60;;;
230716;0000;58;;;
230717;0000;58;;;
230718;0000;44;;;
230719;0000;38;;;
230720;0000;43;;;
230721;0000;33;;;
230722;0000;16;;;
230723;0000;31;;;
230724;0000;37;;;
230725;0000;27;;;
230726;0000;37;;;
230727;0000;55;;;
230728;0000;58;;;
230729;0000;47;;;
230730;0000;50;;;
230731;0000;52;;;
230801;0000;41;;;
230802;0000;44;;;
230803;0000;40;;;
230804;0000;39;;;
230805;0000;37;;;
230806;0000;33;;;
230807;0000;41;;;
230808;0000;52;;;
230809;0000;57;;;
230810;0000;9;;;
230811;0000;23;;;
230812;0000;41;;;
230813;0000;36;;;
230814;0000;22;;;
230815;0000;24;;;
230816;0000;15;;;
230817;0000;13;;;
230818;0000;21;;;
230819;0000;16;;;
230820;0000;11;;;
230821;0000;10;;;
230822;0000;3;;;
230823;0000;5;;;
230824;0000;16;;;
230825;0000;21;;;
230826;0000;35;;;
230827;0000;30;;;
230828;0000;20;;;
230829;0000;15;;;
230830;0000;18;;;
230831;0000;25;;;
230901;0000;28;;;
230902;0000;28;;;
230903;0000;18;;;
230904;0000;14;;;
230905;0000;41;;;
230906;0000;15;;;
230907;0000;13;;;
230908;0000;25;;;
230909;0000;32;;;
230910;0000;39;;;
230911;0000;6;;;
230912;0000;15;;;
230913;0000;22;;;
230914;0000;33;;;
230915;0000;24;;;
230916;0000;12;;;
230917;0000;15;;;
230918;0000;42;;;
230919;0000;54;;;
230920;0000;19;;;
230921;0000;17;;;
230922;0000;20;;;
230923;0000;34;;;
230924;0000;29;;;
230925;0000;15;;;
230926;0000;9;;;
230927;0000;16;;;
230928;0000;19;;;
230929;0000;26;;;
230930;0000;26;;;
231001;0000;19;;;
231002;0000;10;;;
231003;0000;12;;;
231004;0000;15;;;
231005;0000;14;;;
231006;0000;17;;;
231007;0000;21;;;
231008;0000;19;;;
231009;0000;14;;;
231010;0000;14;;;
231011;0000;19;;;
231012;0000;17;;;
231013;0000;18;;;
231014;0000;17;;;
231015;0000;13;;;
231016;0000;13;;;
231017;0000;16;;;
231018;0000;13;;;
231019;0000;15;;;
231020;0000;24;;;
231021;0000;32;;;
231022;0000;31;;;
231023;0000;14;;;
231024;0000;18;;;
231025;0000;16;;;
231026;0000;15;;;
231027;0000;15;;;
231028;0000;16;;;
231029;0000;6;;;
231030;0000;12;;;
231031;0000;15;;;
231101;0000;11;;;
231102;0000;13;;;
231103;0000;15;;;
231104;0000;13;;;
231105;0000;14;;;
231106;0000;12;;;
231107;0000;10;;;
231108;0000;14;;;
231109;0000;14;;;
231110;0000;10;;;
231111;0000;11;;;
231112;0000;13;;;
231113;0000;11;;;
231114;0000;15;;;
231115;0000;13;;;
231116;0000;13;;;
231117;0000;16;;;
231118;0000;20;;;
231119;0000;14;;;
231120;0000;10;;;
231121;0000;;;;
231122;0000;;;;
231123;0000;;;;
231124;0000;;;;
231125;0000;;;;
231126;0000;;;;
231127;0000;;;;
231128;0000;15;;;
231129;0000;14;;;
231130;0000;14;;;
231201;0000;15;;;
231202;0000;11;;;
231203;0000;14;;;
231204;0000;12;;;
231205;0000;13;;;
231206;0000;13;;;
231207;0000;28;;;
231208;0000;25;;;
231209;0000;19;;;
231210;0000;16;;;
231211;0000;19;;;
231212;0000;14;;;
231213;0000;13;;;
231214;0000;14;;;
231215;0000;14;;;
231216;0000;9;;;
231217;0000;8;;;
231218;0000;9;;;
231219;0000;17;;;
231220;0000;27;;;
231221;0000;26;;;
231222;0000;17;;;
231223;0000;15;;;
231224;0000;16;;;
231225;0000;16;;;
231226;0000;13;;;
231227;0000;15;;;
231228;0000;14;;;
231229;0000;19;;;
231230;0000;11;;;
231231;0000;14;;;
240101;0000;;12;;
240102;0000;;12;;
240103;0000;;15;;
240104;0000;;17;;
240105;0000;;12;;
240106;0000;;13;;
240107;0000;;9;;
240108;0000;;12;;
240109;0000;;10;;
240110;0000;;12;;
240111;0000;;15;;
240112;0000;;17;;
240113;0000;;15;;
240114;0000;;13;;
240115;0000;;14;;
240116;0000;;12;;
240117;0000;;17;;
240118;0000;;15;;
240119;0000;;16;;
240120;0000;;20;;
240121;0000;;20;;
240122;0000;;25;;
240123;0000;;18;;
240124;0000;;18;;
240125;0000;;16;;
240126;0000;;14;;
240127;0000;;12;;
240128;0000;;13;;
240129;0000;;15;;
240130;0000;;21;;
240131;0000;;23;;
240201;0000;;22;;
240202;0000;;41;;
240203;0000;;24;;
240204;0000;;37;;
240205;0000;;24;;
240206;0000;;18;;
240207;0000;;15;;
240208;0000;;17;;
240209;0000;;16;;
240210;0000;;15;;
240211;0000;;21;;
240212;0000;;16;;
240213;0000;;19;;
240214;0000;;16;;
240215;0000;;14;;
240216;0000;;15;;
240217;0000;;16;;
240218;0000;;13;;
240219;0000;;23;;
240220;0000;;12;;
240221;0000;;10;;
240222;0000;;7;;
240223;0000;;8;;
240224;0000;;10;;
240225;0000;;12;;
240226;0000;;14;;
240227;0000;;13;;
240228;0000;;11;;
240229;0000;;12;;
240301;0000;;14;;
240302;0000;;16;;
240303;0000;;13;;
240304;0000;;14;;
240305;0000;;;;
240306;0000;;;;
240307;0000;;;;
240308;0000;;;;
240309;0000;;19;;
240310;0000;;17;;
240311;0000;;19;;
240312;0000;;16;;
240313;0000;;17;;
240314;0000;;18;;
240315;0000;;;;
240316;0000;;;;
240317;0000;;;;
240318;0000;;;;
240319;0000;;16;;
240320;0000;;17;;
240321;0000;;21;;
240322;0000;;13;;
240323;0000;;13;;
240324;0000;;9;;
240325;0000;;12;;
240326;0000;;16;;
240327;0000;;15;;
240328;0000;;17;;
240329;0000;;20;;
240330;0000;;20;;
240331;0000;;11;;
240401;0000;;13;;
240402;0000;;16;;
240403;0000;;19;;
240404;0000;;22;;
240405;0000;;18;;
240406;0000;;18;;
240407;0000;;17;;
240408;0000;;18;;
240409;0000;;24;;
240410;0000;;28;;
240411;0000;;17;;
240412;0000;;17;;
240413;0000;;20;;
240414;0000;;12;;
240415;0000;;8;;
240416;0000;;16;;
240417;0000;;18;;
240418;0000;;18;;
240419;0000;;;20;
240420;0000;;;37;
